1.96 0.668241 0.0 2e-12
3.96 0.680332 0.0 4e-12
5.96 0.702053 0.0 6e-12
7.96 0.68304 0.0 8e-12
9.96 0.637489 0.0 1e-11
11.960001 0.689284 1.369863 1.3463695392731598e-11
13.960001 0.65544 1.336494 1.6881362399948762e-11
15.960001 0.588183 0.466145 1.929233053893788e-11
17.960001 0.734533 0.248124 2.15015119559313e-11
19.960001 0.673087 1.301637 2.4871751120944077e-11
21.960001 0.718364 1.127729 2.8015017863872415e-11
23.960001 0.64601 2.133203 3.271879142908141e-11
25.960001 0.713468 2.363303 3.787712706336e-11
27.960001 0.718772 1.338917 4.1298115604608456e-11
29.960001 0.694576 2.143167 4.602071666016379e-11
31.960002 0.703262 3.266984 5.3431282587311974e-11
33.960002 0.611256 1.055166 5.648442556527867e-11
35.960002 0.727657 2.326073 6.156634064931378e-11
37.960002 0.694498 2.794954 6.769923170741053e-11
39.960002 0.683675 3.731288 7.66259598836888e-11
41.960002 0.73762 2.52178 8.212266396163913e-11
43.960002 0.825311 0.099678 8.420420577640628e-11
45.960002 0.697226 4.680654 9.726556576705024e-11
47.960002 0.644024 3.239497 1.0459491737682862e-10
49.960002 0.681449 3.530761 1.1283208943074295e-10
51.960002 0.58767 2.79198 1.1895767260008042e-10
53.960003 0.699613 2.090988 1.2358250784050536e-10
55.960003 0.693073 5.346724 1.4064173029766091e-10
57.960003 0.732971 0.900012 1.4351074621035255e-10
59.960003 0.758244 0.540721 1.459948861286792e-10
61.960003 0.845137 0.023293 1.4801365029998808e-10
63.960003 0.851172 0.088003 1.5008547201686944e-10
65.960003 0.756328 0.6912 1.5272408846519554e-10
67.960003 0.603574 5.250061 1.691348614037333e-10
69.960003 0.581518 1.294389 1.7249532160876283e-10
71.960003 0.683863 3.543577 1.8077492545888639e-10
73.960004 0.660153 5.871538 2.0182897738545284e-10
75.960004 0.618054 4.844652 2.1577795676687469e-10
77.960004 0.691259 5.919921 2.372443833021188e-10
79.960004 0.708858 3.651566 2.458903139430347e-10
81.960004 0.633417 5.267256 2.6241460719924703e-10
83.960004 0.708957 4.628068 2.7520348806063424e-10
85.960004 0.573718 3.797943 2.843719766994812e-10
87.960004 0.648765 6.657554 3.1322494976984253e-10
89.960004 0.562105 2.339695 3.183346939620865e-10
91.960004 0.649996 5.762097 3.384849556013702e-10
93.960004 0.619959 6.357919 3.640720220695712e-10
95.960005 0.654229 6.852461 3.9526998470386893e-10
97.960005 0.637474 4.398573 4.069347146775929e-10
99.960005 0.723532 2.601181 4.126092072262615e-10
101.960005 0.622787 4.477551 4.246491857884716e-10
103.960005 0.669005 4.785057 4.3826884443662145e-10
105.960005 0.594955 4.115509 4.4868217914822223e-10
107.960005 0.622607 5.692067 4.682745783276424e-10
109.960005 0.629777 6.40512 4.943504455884708e-10
111.960005 0.557753 2.999501 5.01007457802447e-10
113.960005 0.566985 1.860179 5.05223545447825e-10
115.960006 0.540754 2.761569 5.112748988731037e-10
117.960006 0.629258 5.798324 5.317199522108768e-10
119.960006 0.57369 4.473454 5.437401711047693e-10
121.960006 0.615114 7.372724 5.821737039168183e-10
123.960006 0.632672 8.071971 6.330432258602014e-10
125.960006 0.589129 6.294834 6.579912776389444e-10
127.960006 0.592281 5.576667 6.766978874026965e-10
129.960006 0.566105 6.154615 7.002821778674576e-10
131.960006 0.628025 7.961484 7.489476044845444e-10
133.960006 0.611174 6.649194 7.777040360965193e-10
135.960006 0.615179 8.939039 8.497193186966755e-10
137.960007 0.544405 4.829468 8.635836431916398e-10
139.960007 0.56245 7.331265 9.013836426785388e-10
141.960007 0.627744 9.092912 9.77981358216628e-10
143.960007 0.606914 9.784161 1.0790393394907417e-09
145.960007 0.594985 9.430963 1.166754483377023e-09
147.960007 0.653127 8.92857 1.2384681437165164e-09
149.960007 0.671867 7.460552 1.2782790644971984e-09
151.960007 0.631751 6.453767 1.304868480080877e-09
153.960007 0.718024 6.083258 1.3277876402312297e-09
155.960007 0.685969 7.745045 1.372408290019717e-09
157.960008 0.592894 7.9967 1.4217656663363342e-09
159.960008 0.58008 6.679833 1.450877503504375e-09
161.960008 0.678422 8.093294 1.502183750568958e-09
163.960008 0.590025 8.531697 1.563348543017812e-09
165.960008 0.590577 9.038251 1.638285952690128e-09
167.960008 0.617367 10.226328 1.7589442617349103e-09
169.960008 0.730787 3.904446 1.7685127033234706e-09
171.960008 0.572227 9.349208 1.8533994808149658e-09
173.960008 0.619082 10.509557 1.988566527535924e-09
175.960008 0.80935 2.117771 1.993241289582825e-09
177.960008 0.813713 1.274835 1.996575508945122e-09
179.960009 0.682044 9.248732 2.0781108630507352e-09
181.960009 0.705944 9.028476 2.1527551770948035e-09
183.960009 0.663023 10.325132 2.2782888409973344e-09
185.960009 0.676244 9.391964 2.364643223523105e-09
187.960009 0.685578 6.143187 2.3881197079356843e-09
189.960009 0.733363 5.400452 2.405550371736971e-09
191.960009 0.672782 8.885124 2.476025750152114e-09
193.960009 0.656679 9.486505 2.565715975104063e-09
195.960009 0.714326 6.865185 2.5970734898875064e-09
197.960009 0.754989 3.649184 2.6057111679293656e-09
199.960009 0.81862 0.12136 2.6078108823826773e-09
201.96001 0.713353 6.082832 2.6307261285782333e-09
203.96001 0.711978 6.484847 2.657648926743885e-09
205.96001 0.650712 7.946001 2.7060132101687596e-09
207.96001 0.753026 2.978213 2.712613649686587e-09
209.96001 0.684189 8.804704 2.7808530690752698e-09
211.96001 0.768606 2.040231 2.7853847451495006e-09
213.96001 0.837323 0.669563 2.7880005720539504e-09
215.96001 0.748082 3.968964 2.7978197373994983e-09
217.96001 0.751916 2.828663 2.80403607216444e-09
219.96001 0.785242 1.490525 2.8076714403625486e-09
221.960011 0.861966 0.58772 2.8102028308707963e-09
223.960011 0.776653 2.466021 2.8155780236086637e-09
225.960011 0.736732 3.009018 2.822260483771969e-09
227.960011 0.745352 4.623107 2.835023954055129e-09
229.960011 0.677626 7.76876 2.880070859133425e-09
231.960011 0.857567 0.699353 2.8827181142791474e-09
233.960011 0.6946 9.193745 2.9624757112777165e-09
235.960011 0.7246 8.098801 3.0138953573940474e-09
237.960011 0.692191 7.896912 3.0613171284684968e-09
239.960011 0.724887 6.339818 3.0867191859562827e-09
241.960011 0.704084 9.579117 3.1798021022333276e-09
243.960012 0.744028 3.410578 3.1876517980057614e-09
245.960012 0.607724 8.677385 3.252495462058203e-09
247.960012 0.685458 5.935624 3.274097455827664e-09
249.960012 0.782237 3.269415 3.281515247665295e-09
251.960012 0.877991 0.272357 3.2837459963184155e-09
253.960012 0.880999 0.681541 3.28637441482748e-09
255.960012 0.684588 3.911538 3.2959701004916677e-09
257.960012 0.699591 8.168791 3.3488529913388972e-09
259.960012 0.636636 7.019855 3.382216487271962e-09
261.960012 0.76294 7.379766 3.420758678685927e-09
263.960013 0.876012 1.752125 3.4247960261163927e-09
265.960013 0.821219 4.452733 3.436716804111666e-09
267.960013 0.819257 4.081934 3.446990909467402e-09
269.960013 0.745848 8.625151 3.5104908000130535e-09
271.960013 0.706734 10.984727 3.674023144101575e-09
273.960013 0.647108 6.861159 3.7053300869515084e-09
275.960013 0.681089 11.388487 3.897596381053744e-09
277.960013 0.628574 7.287843 3.934744044240839e-09
279.960013 0.571355 7.612123 3.977049128513396e-09
281.960013 0.696687 8.156829 4.0296790181319626e-09
283.960013 0.639054 11.364021 4.220068665414236e-09
285.960014 0.56115 8.681325 4.2850148359672024e-09
287.960014 0.644119 11.921485 4.523084766849483e-09
289.960014 0.645158 12.089091 4.7777014023847375e-09
291.960014 0.58127 9.805448 4.879625515792048e-09
293.960014 0.615835 11.726591 5.099802108258178e-09
295.960014 0.527047 4.540038 5.112147516479869e-09
297.960014 0.532592 2.133819 5.11685245182894e-09
299.960014 0.584893 9.661737 5.2130701850644435e-09
301.960014 0.555799 8.206707 5.266763080153197e-09
303.960014 0.640977 10.676715 5.411298754160409e-09
305.960015 0.531164 4.732824 5.424636174134876e-09
307.960015 0.536889 7.222824 5.460828034351082e-09
309.960015 0.554264 9.566708 5.55344902556403e-09
311.960015 0.568452 9.394882 5.6399044888076405e-09
313.960015 0.551666 8.910896 5.711111807543023e-09
315.960015 0.637211 13.291083 6.123368868156193e-09
317.960015 0.5184 4.730507 6.136693904706187e-09
319.960015 0.503017 2.332521 6.141788973809789e-09
321.960015 0.550323 5.608549 6.16073622129878e-09
323.960015 0.521858 4.279893 6.171858942926798e-09
325.960015 0.597236 8.834138 6.240908379305584e-09
327.960016 0.640755 13.051178 6.615361749624102e-09
329.960016 0.701186 11.991972 6.860255207826347e-09
331.960016 0.632383 13.131238 7.246922250645761e-09
333.960016 0.58317 9.692819 7.3443464561823064e-09
335.960016 0.580151 13.112415 7.72810657976171e-09
337.960016 0.734103 6.55047 7.755747083423139e-09
339.960016 0.588169 11.621966 7.966879379042578e-09
341.960016 0.548188 12.47083 8.263603018002835e-09
343.960016 0.669284 11.358771 8.453592360979664e-09
345.960016 0.587401 13.167485 8.845919361151915e-09
347.960017 0.610027 14.257679 9.453304473247414e-09
349.960017 0.684286 10.449027 9.585230906404502e-09
351.960017 0.755654 8.753615 9.652086863576376e-09
353.960017 0.778507 4.354557 9.663547559039083e-09
355.960017 0.854826 1.271001 9.6668766573735e-09
357.960017 0.860611 0.699988 9.669524586533973e-09
359.960017 0.897586 0.356044 9.671831448225572e-09
361.960017 0.834114 3.086308 9.678724213687e-09
363.960017 0.715614 11.433645 9.874503034656748e-09
365.960017 0.608584 14.460637 1.0533375839131498e-08
367.960017 0.663305 11.553204 1.0738767295761776e-08
369.960018 0.630126 12.108729 1.0995396447341978e-08
371.960018 0.618605 13.865022 1.1514313348007121e-08
373.960018 0.644882 12.505009 1.181513086572931e-08
375.960018 0.600646 6.795272 1.1845621674052913e-08
377.960018 0.632282 12.374517 1.2131106408011504e-08
379.960018 0.657601 13.525312 1.258395205854516e-08
381.960018 0.637523 15.258038 1.3491017725182786e-08
383.960018 0.568422 10.777667 1.3641523101760867e-08
385.960018 0.583988 10.725403 1.3788907740405017e-08
387.960018 0.590002 13.684093 1.4271517267514687e-08
389.960019 0.66814 14.972047 1.508032303760726e-08
391.960019 0.66811 16.775052 1.6746684417503373e-08
393.960019 0.71347 13.862958 1.7265172105601098e-08
395.960019 0.602353 14.752216 1.8005747039073747e-08
397.960019 0.581815 12.946247 1.8364774765762078e-08
399.960019 0.531033 7.809685 1.8410566858884896e-08
401.960019 0.548789 9.171953 1.8489630681916494e-08
403.960019 0.554087 6.697569 1.8518950256549156e-08
405.960019 0.537788 6.791868 1.8549399482738464e-08
407.960019 0.547876 9.515211 1.864012786654781e-08
409.960019 0.618389 15.159816 1.951216924359992e-08
411.96002 0.591697 13.127215 1.9898213152197764e-08
413.96002 0.553816 14.954123 2.07012277790033e-08
415.96002 0.630945 13.944127 2.123686525091533e-08
417.96002 0.725838 13.923411 2.1768072564559662e-08
419.96002 0.741242 9.500168 2.18582554250788e-08
421.96002 0.83698 2.424585 2.186354206259025e-08
423.96002 0.692113 14.768529 2.2608976236135547e-08
425.96002 0.581109 11.070136 2.2778205085145783e-08
427.96002 0.524341 5.497744 2.2796329067842724e-08
429.96002 0.551984 8.358054 2.2853380711698713e-08
431.960021 0.585175 13.107868 2.3236441905396643e-08
433.960021 0.585207 14.264499 2.3845489997266165e-08
435.960021 0.605519 15.142509 2.471150164702797e-08
437.960021 0.708807 10.943444 2.487234969436125e-08
439.960021 0.790881 5.177088 2.4888287317590934e-08
441.960021 1.007378 0.045621 2.4890324233793952e-08
443.960021 0.921233 1.175048 2.489352769926355e-08
445.960021 0.878522 2.237204 2.4898431741901948e-08
447.960021 1.009337 0.007032 2.4900437388225645e-08
449.960021 1.065352 0.0 2.4902437388225644e-08
451.960021 1.101135 1.230217 2.490571249630511e-08
453.960022 0.970438 0.056168 2.490775804358938e-08
455.960022 0.902187 1.899673 2.491204141775555e-08
457.960022 0.781909 6.586564 2.494008479755816e-08
459.960022 0.779537 6.871261 2.4971518789730763e-08
461.960022 0.730258 12.373753 2.5256916094926776e-08
463.960022 0.755039 6.8962 2.5288665948144416e-08
465.960022 0.835866 2.477659 2.5294066278871687e-08
467.960022 0.851357 2.588812 2.529971270223161e-08
469.960022 0.754983 5.783993 2.5320040627136246e-08
471.960022 0.838725 3.388124 2.5327819977161612e-08
473.960023 0.860418 2.994247 2.5334462982002296e-08
475.960023 0.822998 4.942173 2.5348968125062275e-08
477.960023 0.814505 5.446325 2.536672231941948e-08
479.960023 0.787804 8.728492 2.5432908282567995e-08
481.960023 0.821939 5.931413 2.5454473838119523e-08
483.960023 0.823574 4.641683 2.5467332716167855e-08
485.960023 0.830579 4.879157 2.5481475997154265e-08
487.960023 0.941124 0.475495 2.5483896019739668e-08
489.960023 1.023026 0.143911 2.5486014803517737e-08
491.960023 0.987527 0.899347 2.5488883054642006e-08
493.960023 0.981125 1.011121 2.549188275846175e-08
495.960024 1.058914 1.536099 2.5495585158891316e-08
497.960024 0.997123 0.883109 2.5498434798512316e-08
499.960024 0.999542 1.433371 2.5501987814828835e-08
501.960024 1.060209 1.88864 2.5506252284543184e-08
503.960024 0.994558 2.387954 2.551146185161199e-08
505.960024 1.071748 1.758657 2.551550978562204e-08
507.960024 1.150457 0.804495 2.5518271013779774e-08
509.960024 1.05022 1.974452 2.552268474558492e-08
511.960024 0.890387 2.295325 2.5527704399851353e-08
513.960024 0.966718 2.306299 2.5532746187055268e-08
515.960025 1.102493 1.866103 2.553697229971712e-08
517.960025 1.163933 0.053875 2.5539015967431123e-08
519.960025 1.168064 0.061325 2.5541065748222297e-08
521.960025 1.271606 0.026139 2.5543086817085432e-08
523.960025 1.258887 0.115228 2.554518137600946e-08
525.960025 1.230227 0.176848 2.5547328323233446e-08
527.960025 1.2788 0.0 2.5549328323233445e-08
529.960025 1.288645 0.01959 2.5551344092647923e-08
531.960025 1.279856 1.107621 2.555446212194735e-08
533.960025 1.239364 0.905657 2.5557337638154345e-08
535.960025 1.245108 0.313683 2.555960565353416e-08
537.960026 1.377616 0.042589 2.5561640095262436e-08
539.960026 1.483037 0.0 2.5563640095262435e-08
541.960026 1.415521 0.056764 2.5565686131370414e-08
543.960026 1.540208 0.493041 2.5568123237206638e-08
545.960026 1.525446 0.610806 2.5570678165400456e-08
547.960026 1.625014 0.0 2.5572678165400455e-08
549.960026 1.759084 0.0 2.5574678165400453e-08
551.960026 1.968815 0.0 2.5576678165400452e-08
553.960026 2.140299 0.0 2.557867816540045e-08
555.960026 2.127287 0.0 2.558067816540045e-08
557.960027 2.255473 0.0 2.558267816540045e-08
559.960027 2.121848 0.0 2.5584678165400448e-08
561.960027 2.214306 0.094907 2.5586755729589904e-08
563.960027 2.091987 0.313443 2.558902352675656e-08
565.960027 1.930283 0.0 2.559102352675656e-08
567.960027 1.900098 0.0 2.559302352675656e-08
569.960027 1.909801 0.0 2.5595023526756558e-08
571.960027 1.921287 0.293152 2.5597272950630455e-08
573.960027 1.911115 0.767226 2.5599993228762915e-08
575.960027 1.950214 0.033755 2.5602020478015275e-08
577.960027 1.904756 0.818933 2.560479773535814e-08
579.960028 1.960172 0.017366 2.5606811708275072e-08
581.960028 1.834524 0.124048 2.5608913686685114e-08
583.960028 1.939161 1.442209 2.561247931446318e-08
585.960028 1.904286 0.430931 2.5614856484723794e-08
587.960028 1.933012 0.85316 2.5617672113906697e-08
589.960028 1.807092 0.407456 2.5620027016821997e-08
591.960028 1.898785 1.045435 2.5623068271976673e-08
593.960028 1.753878 0.689799 2.562570540680431e-08
595.960028 1.752021 1.565453 2.5629451635391934e-08
597.960028 1.814436 0.511438 2.5631906782557928e-08
599.960028 1.895717 0.682602 2.5634536319337478e-08
601.960029 1.90877 2.010992 2.5639015184578257e-08
603.960029 1.826043 0.799478 2.5641770864507986e-08
605.960029 1.826679 0.851964 2.5644585143960223e-08
607.960029 1.907101 1.964268 2.5648980891916413e-08
609.960029 1.876983 2.442069 2.5654304716150144e-08
611.960029 2.013468 0.079105 2.5656369160269136e-08
613.960029 2.059932 0.072909 2.5658428482620796e-08
615.960029 1.966528 0.999434 2.5661414164472077e-08
617.960029 1.98963 0.90628 2.5664290398973827e-08
619.960029 2.043636 0.16588 2.5666427926457672e-08
621.96003 2.008831 1.40221 2.5669936832145096e-08
623.96003 1.954022 1.719803 2.567392220054739e-08
625.96003 2.072883 0.941621 2.5676839477000202e-08
627.96003 1.724393 0.940047 2.5679754913147667e-08
629.96003 1.616401 0.0 2.5681754913147666e-08
631.96003 1.565073 0.140907 2.568387114675258e-08
633.96003 1.702658 0.397875 2.5686217021604004e-08
635.96003 1.52914 0.115119 2.5688311488999987e-08
637.96003 1.516325 0.052155 2.5690353747965073e-08
639.96003 1.529658 0.036195 2.569238298127378e-08
641.96003 1.429674 0.817206 2.5695158316398305e-08
643.960031 1.589829 1.077052 2.5698238366348575e-08
645.960031 1.596736 0.998479 2.5701222905299527e-08
647.960031 1.675089 0.735975 2.5703909314299424e-08
649.960031 1.630809 1.476957 2.5707524961531266e-08
651.960031 1.699242 0.564531 2.571003292763378e-08
653.960031 1.731572 0.852477 2.5712847785946414e-08
655.960031 1.683009 0.850201 2.5715660076967063e-08
657.960031 1.607473 1.401066 2.5719167373703833e-08
659.960031 1.677474 1.942518 2.5723524958481082e-08
661.960031 1.740741 0.935613 2.5726435216678384e-08
663.960032 1.683835 3.31937 2.5734003064852775e-08
665.960032 1.856917 0.633131 2.573658096297992e-08
667.960032 2.005056 1.83812 2.5740759929503693e-08
669.960032 1.883036 0.296017 2.5743011938552655e-08
671.960032 1.897209 1.129307 2.5746157194457842e-08
673.960032 1.95484 1.42238 2.5749694589282003e-08
675.960032 1.970629 1.178043 2.5752901903523964e-08
677.960032 2.033975 1.159618 2.5756085613495495e-08
679.960032 2.145313 1.454971 2.5759669531152048e-08
681.960032 2.046881 0.675581 2.576229167678633e-08
683.960032 1.998366 1.540665 2.5766000860834863e-08
685.960033 1.952217 1.973885 2.5770413589447612e-08
687.960033 1.859124 1.937625 2.5774762634581028e-08
689.960033 1.81001 1.863633 2.5778984564438004e-08
691.960033 1.785874 1.866347 2.578321109052485e-08
693.960033 1.600109 0.114551 2.5785305081032075e-08
695.960033 1.662376 1.116686 2.578843446258276e-08
697.960033 1.545568 0.051758 2.57904763965269e-08
699.960033 1.719091 1.535607 2.5794178066742305e-08
701.960033 1.758069 0.941756 2.579709550108987e-08
703.960033 1.795714 0.969207 2.5800045220067995e-08
705.960034 1.745665 1.479269 2.5803664220193364e-08
707.960034 1.814872 0.722314 2.580633595647806e-08
709.960034 1.835209 0.231324 2.580853030849658e-08
711.960034 1.689614 0.993423 2.5811508803943337e-08
713.960034 1.65584 0.16941 2.5813649358607908e-08
715.960034 1.633887 0.10118 2.5815732154228922e-08
717.960034 1.509339 0.35175 2.581803504807802e-08
719.960034 1.458383 0.024311 2.5820054636324038e-08
721.960034 1.470334 0.57729 2.5822575464000343e-08
723.960034 1.522513 0.799945 2.5825331659907736e-08
725.960034 1.474618 1.068589 2.5828401277315904e-08
727.960035 1.413855 1.131918 2.5831549827305882e-08
729.960035 1.303137 0.0 2.583354982730588e-08
731.960035 1.185754 0.075356 2.5835611170888486e-08
733.960035 1.214609 0.312558 2.5837878163575552e-08
735.960035 1.316231 0.713315 2.5840540278216976e-08
737.960035 1.408037 0.682837 2.5843170062745673e-08
739.960035 1.377041 0.383465 2.5845502424355568e-08
741.960035 1.315986 1.784493 2.5849592504176452e-08
743.960035 1.369985 1.420518 2.5853127259354438e-08
745.960035 1.366699 1.855351 2.5857335194303868e-08
747.960036 1.405165 1.552297 2.5861061716009082e-08
749.960036 1.393054 1.716683 2.586504210249913e-08
751.960036 1.310633 1.646296 2.5868911737624272e-08
753.960036 1.176904 0.007195 2.5870917515017195e-08
755.960036 1.248593 0.521248 2.5873382337059674e-08
757.960036 1.210294 0.07396 2.587544252729825e-08
759.960036 1.235364 0.145489 2.5877562651912166e-08
761.960036 1.264414 1.631462 2.5881409342350478e-08
763.960036 1.173244 0.324492 2.588368720730397e-08
765.960036 1.132526 0.085278 2.588575676684546e-08
767.960036 1.256074 1.358307 2.5889204452427875e-08
769.960037 1.298024 1.307826 2.5892583064276832e-08
771.960037 1.245069 1.719145 2.5896567381488017e-08
773.960037 1.3453 2.801776 2.5902717068922164e-08
775.960037 1.326214 3.062882 2.590954540285217e-08
777.960037 1.336495 1.194744 2.591277426392067e-08
779.960037 1.17808 1.10699 2.5915891504543027e-08
781.960037 1.191543 2.419475 2.5921167322727515e-08
783.960037 1.196969 2.447632 2.5926503033673343e-08
785.960037 1.247931 1.744142 2.5930527480439854e-08
787.960037 1.291803 2.152822 2.5935268397001675e-08
789.960038 1.267104 1.949484 2.5939638168320693e-08
791.960038 1.274264 2.785711 2.594574837544426e-08
793.960038 1.401964 1.931147 2.595008614040822e-08
795.960038 1.39 1.574846 2.595384650286812e-08
797.960038 1.277872 2.536677 2.5959376133273023e-08
799.960038 1.264505 2.044529 2.596391562461899e-08
801.960038 1.280545 3.920537 2.597354599183407e-08
803.960038 1.322778 2.008363 2.597802013889682e-08
805.960038 1.215833 3.722343 2.5986914912077334e-08
807.960038 1.214751 3.100539 2.5993847115367415e-08
809.960038 1.231803 3.770636 2.6002915778559284e-08
811.960039 1.302525 2.883653 2.6009270679972746e-08
813.960039 1.187381 3.066761 2.6016109641053908e-08
815.960039 1.205743 3.726364 2.60250187646224e-08
817.960039 1.175289 2.975353 2.6031611640436224e-08
819.960039 1.180635 2.932135 2.6038091269121926e-08
821.960039 1.238957 4.887238 2.6052280444916484e-08
823.960039 1.16669 3.942595 2.6061996353318023e-08
825.960039 1.163101 2.32684 2.606707983131265e-08
827.960039 1.115429 1.95318 2.6071456082363964e-08
829.960039 1.180678 3.13819 2.607849371809662e-08
831.96004 1.145458 2.117987 2.608316888497722e-08
833.96004 1.241735 5.790782 2.610355221305083e-08
835.96004 1.327951 2.193221 2.6108370540000494e-08
837.96004 1.415553 0.541395 2.6110855351253712e-08
839.96004 1.449587 0.40831 2.611321106056771e-08
841.96004 1.396022 0.891501 2.611607030371628e-08
843.96004 1.413784 1.88512 2.6120328759673437e-08
845.96004 1.486068 1.223777 2.61235954228322e-08
847.96004 1.470087 1.261872 2.612691235930855e-08
849.96004 1.458048 1.445248 2.613048233394896e-08
851.96004 1.391108 3.213213 2.613773485828259e-08
853.960041 1.419555 2.958262 2.6144282714672144e-08
855.960041 1.440425 2.725692 2.6150247652195794e-08
857.960041 1.460617 2.24615 2.6155169314868917e-08
859.960041 1.495957 1.428929 2.6158716009488044e-08
861.960041 1.399955 3.357918 2.6166401721075065e-08
863.960041 1.282093 3.084041 2.617328822483626e-08
865.960041 1.357782 3.365961 2.618099875901501e-08
867.960041 1.401011 3.166964 2.618811804903155e-08
869.960041 1.505226 1.891006 2.6192386565719377e-08
871.960041 1.535491 2.580823 2.6198014933345368e-08
873.960042 1.603644 1.612811 2.6201832968066512e-08
875.960042 1.584451 0.638253 2.6204416165217758e-08
877.960042 1.639534 0.517864 2.620687764557183e-08
879.960042 1.663997 0.697278 2.6209522699424484e-08
881.960042 1.871382 2.476173 2.6214919813867677e-08
883.960042 2.029643 1.296424 2.621828301681456e-08
885.960042 1.980834 0.928014 2.622118442240481e-08
887.960042 1.933141 1.529664 2.622487728353571e-08
889.960042 2.137077 0.859964 2.62277006036125e-08
891.960042 2.257798 0.389039 2.6230038183086714e-08
893.960042 2.128943 2.308071 2.623508355329299e-08
895.960043 2.05989 0.694734 2.6237725910804948e-08
897.960043 1.953438 0.944559 2.6240646625446918e-08
899.960043 2.092687 1.243338 2.6243939007009803e-08
901.960043 1.994974 2.661194 2.6249751681703154e-08
903.960043 2.00259 2.303122 2.6254787051349527e-08
905.960043 1.985397 2.834611 2.6261018227274866e-08
907.960043 2.035353 1.697942 2.6264968819539376e-08
909.960043 2.16201 2.517196 2.627045543126149e-08
911.960043 2.29246 0.02327 2.6272474176818102e-08
913.960043 2.212625 1.336149 2.6275891371149484e-08
915.960044 2.280592 0.085372 2.62779610086845e-08
917.960044 2.297928 0.026146 2.627998208321948e-08
919.960044 2.506563 0.0 2.628198208321948e-08
921.960044 2.548422 0.453272 2.6284380640676618e-08
923.960044 2.669563 0.0 2.6286380640676617e-08
925.960044 2.737399 0.0 2.6288380640676616e-08
927.960044 2.675276 0.0 2.6290380640676615e-08
929.960044 2.625786 0.0 2.6292380640676614e-08
931.960044 2.787671 0.0 2.6294380640676613e-08
