1.96 0.688297 0.0 2e-12
3.96 0.704566 0.0 4e-12
5.96 0.720245 0.0 6e-12
7.96 0.749088 0.0 8e-12
9.96 0.655815 0.0 1e-11
11.960001 0.728335 0.267285 1.2226217246827842e-11
13.960001 0.689634 0.780657 1.4961182478424374e-11
15.960001 0.753521 0.051997 1.700331208388929e-11
17.960001 0.684319 1.319526 2.0397808950758608e-11
19.960001 0.681657 1.084158 2.3486646016276404e-11
21.960001 0.657212 2.636301 2.924159987979182e-11
23.960001 0.626425 2.246342 3.416364140909895e-11
25.960001 0.656412 2.567679 3.976242817228705e-11
27.960001 0.613144 1.647277 4.363358548797858e-11
29.960001 0.632146 1.395759 4.7133427969381494e-11
31.960002 0.663991 3.757764 5.615541299432623e-11
33.960002 0.612019 1.770275 6.022224523733409e-11
35.960002 0.679877 3.252644 6.759032990995213e-11
37.960002 0.683346 2.147303 7.232076826595416e-11
39.960002 0.699684 2.216103 7.718349985820959e-11
41.960002 0.621114 2.448883 8.25218875250512e-11
43.960002 0.614253 1.349941 8.595802895648324e-11
45.960002 0.587284 1.618173 8.978428001292078e-11
47.960002 0.617753 1.703629 9.374388975792576e-11
49.960002 0.642474 1.549871 9.746678880074238e-11
51.960002 0.575357 0.643742 1.0005567675187994e-10
53.960003 0.570444 0.933568 1.0296354993256778e-10
55.960003 0.562761 1.365308 1.0642092592035222e-10
57.960003 0.597618 1.988015 1.1085872281995452e-10
59.960003 0.551002 0.457328 1.132611837018521e-10
61.960003 0.619512 1.068285 1.1633042702013908e-10
63.960003 0.622203 1.375522 1.198019895500248e-10
65.960003 0.581027 2.128018 1.244959955020375e-10
67.960003 0.598268 2.697679 1.3039431777071264e-10
69.960003 0.734371 2.1667 1.3516168535787148e-10
71.960003 0.751782 1.668557 1.390660100336822e-10
73.960004 0.70536 4.368393 1.5059045417432013e-10
75.960004 0.79496 0.124253 1.5269260534490174e-10
77.960004 0.696207 2.579024 1.5831691506839322e-10
79.960004 0.608485 4.693605 1.7144626806565837e-10
81.960004 0.614935 4.747996 1.84865061116828e-10
83.960004 0.624533 5.050947 2.000167444072618e-10
85.960004 0.676694 6.547631 2.2762580616675764e-10
87.960004 0.618076 4.751342 2.410626117723637e-10
89.960004 0.586888 3.45065 2.490394327351998e-10
91.960004 0.586746 3.527651 2.572663408893345e-10
93.960004 0.610518 3.492595 2.6537843491347766e-10
95.960005 0.596506 4.737366 2.787401634359026e-10
97.960005 0.573135 4.218425 2.895921374913573e-10
99.960005 0.711595 3.945994 2.993212946490223e-10
101.960005 0.72354 6.94303 3.3167286681093555e-10
103.960005 0.673021 6.240969 3.560879433193975e-10
105.960005 0.632649 5.364193 3.732670586970557e-10
107.960005 0.709699 6.984255 4.06157762071353e-10
109.960005 0.5735 3.677257 4.1489320359195187e-10
111.960005 0.578348 4.622187 4.2765196712542583e-10
113.960005 0.594344 5.233335 4.4395306435868166e-10
115.960006 0.604447 6.282109 4.687741664303542e-10
117.960006 0.595294 6.1067 4.919097380728022e-10
119.960006 0.597416 5.634166 5.110525775277235e-10
121.960006 0.622385 7.293105 5.4827868929808e-10
123.960006 0.633442 7.373759 5.867281730161061e-10
125.960006 0.714578 6.902848 6.185627599398757e-10
127.960006 0.704355 6.259229 6.431572247293674e-10
129.960006 0.631136 6.964489 6.757883207852393e-10
131.960006 0.56789 6.403704 7.018493893537106e-10
133.960006 0.600427 7.405902 7.407975540016908e-10
135.960006 0.647019 8.569815 8.029042335153602e-10
137.960007 0.569369 6.758704 8.329512951121735e-10
139.960007 0.622103 7.706826 8.768934652040155e-10
141.960007 0.65575 9.542048 9.686032808704966e-10
143.960007 0.676172 7.829136 1.0147538593736244e-09
145.960007 0.610521 9.178206 1.0940161343259462e-09
147.960007 0.747896 3.717969 1.1028953235573388e-09
149.960007 0.75945 3.428509 1.110801651586141e-09
151.960007 0.598381 8.501308 1.1712257827437665e-09
153.960007 0.633319 8.497744 1.231563639397334e-09
155.960007 0.575281 5.334918 1.2485423093169954e-09
157.960008 0.603213 7.829993 1.2947087468702902e-09
159.960008 0.556592 3.915242 1.3043186923556394e-09
161.960008 0.590385 6.051367 1.3269466882337245e-09
163.960008 0.657206 8.470532 1.3866298663273603e-09
165.960008 0.590514 6.024373 1.4090142999115758e-09
167.960008 0.682941 9.205103 1.4891359021834593e-09
169.960008 0.831262 0.18069 1.491286158872765e-09
171.960008 0.925697 0.278359 1.4935222817260532e-09
173.960008 0.853212 1.187049 1.4967411971518934e-09
175.960008 0.625058 8.835415 1.5658259930866777e-09
177.960008 0.687327 9.947771 1.673734850974213e-09
179.960009 0.684809 9.680037 1.770661092445747e-09
181.960009 0.710905 6.892871 1.802368599864345e-09
183.960009 0.675015 8.998434 1.8761192844989183e-09
185.960009 0.625495 10.430681 2.0070789510263845e-09
187.960009 0.620261 8.98861 2.0805397384449182e-09
189.960009 0.610042 7.26423 2.1173373974558874e-09
191.960009 0.610255 8.735176 2.1837009548703304e-09
193.960009 0.642227 10.154461 2.3009324548386106e-09
195.960009 0.574588 7.676412 2.3443420820256056e-09
197.960009 0.598797 7.663309 2.387524272173098e-09
199.960009 0.594094 7.334761 2.4253772882992148e-09
201.96001 0.641963 10.672269 2.5696555661193453e-09
203.96001 0.639932 10.32636 2.6952510473276674e-09
205.96001 0.580139 7.93826 2.7434654683499225e-09
207.96001 0.570732 7.372725 2.7818990165702807e-09
209.96001 0.644721 11.117599 2.9543788334049267e-09
211.96001 0.807561 2.463531 2.9597486629769172e-09
213.96001 0.815539 1.143054 2.96291130112525e-09
215.96001 0.789781 2.610535 2.9686071134954468e-09
217.96001 0.799846 2.054442 2.973164681583577e-09
219.96001 0.6143 10.08445 3.0871514813887825e-09
221.960011 0.592519 8.360377 3.1442562827036188e-09
223.960011 0.587606 8.785456 3.2119711471921213e-09
225.960011 0.572381 8.151844 3.264495959654083e-09
227.960011 0.606094 10.284859 3.3880190614709343e-09
229.960011 0.575931 10.194054 3.5071262412045047e-09
231.960011 0.599228 9.198051 3.5870216433999706e-09
233.960011 0.864344 0.717739 3.5896884838013487e-09
235.960011 0.764868 2.902998 3.596092862667435e-09
237.960011 0.655956 10.04381 3.7082375349176325e-09
239.960011 0.585081 12.626016 4.024008288611516e-09
241.960011 0.726121 7.533532 4.06500121493832e-09
243.960012 0.682914 11.16432 4.240742166179369e-09
245.960012 0.706115 5.356617 4.257869182965146e-09
247.960012 0.648066 11.884612 4.492445687842658e-09
249.960012 0.732141 2.402853 4.4976864654340025e-09
251.960012 0.672205 7.927037 4.54568443832143e-09
253.960012 0.676574 6.439541 4.572122637705811e-09
255.960012 0.751799 3.656218 4.580784708256161e-09
257.960012 0.749223 3.460379 4.588792703028986e-09
259.960012 0.728931 5.245855 4.605175827135427e-09
261.960012 0.697224 8.48621 4.665235321306442e-09
263.960013 0.726813 4.207396 4.6760394180577094e-09
265.960013 0.860189 0.332467 4.678324577547904e-09
267.960013 0.81826 1.560705 4.6820636819322965e-09
269.960013 0.742959 5.074529 4.6973592916962186e-09
271.960013 0.772747 4.003128 4.707313871630828e-09
273.960013 0.737945 4.556477 4.719740911271042e-09
275.960013 0.753412 4.049264 4.729881327303386e-09
277.960013 0.750881 3.596177 4.738337383358244e-09
279.960013 0.709323 7.286334 4.775462580120322e-09
281.960013 0.784048 2.135257 4.780170228672659e-09
283.960013 0.779119 5.864274 4.801163056289674e-09
285.960014 0.710069 8.306088 4.857038405977352e-09
287.960014 0.772442 4.615001 4.869760465378723e-09
289.960014 0.793548 2.87198 4.876085696618633e-09
291.960014 0.695961 10.336709 5.002203355439347e-09
293.960014 0.786101 5.059616 5.0174077895706335e-09
295.960014 0.826224 1.299023 5.020774498665362e-09
297.960014 0.786477 3.785652 5.029897920164449e-09
299.960014 0.751977 3.861853 5.039304359396719e-09
301.960014 0.813651 0.911023 5.04218606827898e-09
303.960014 0.773509 5.170383 5.058080907315096e-09
305.960015 0.872386 0.109159 5.060170376141914e-09
307.960015 0.80027 4.095722 5.070501431108885e-09
309.960015 0.859593 0.45511 5.072901756639239e-09
311.960015 0.695362 10.413351 5.202954703766385e-09
313.960015 0.818275 2.742255 5.208959381686978e-09
315.960015 0.789373 3.898749 5.218505994159065e-09
317.960015 0.827591 2.635259 5.224258544415645e-09
319.960015 0.74661 5.775716 5.244519126665711e-09
321.960015 0.857683 2.722724 5.250476970763538e-09
323.960015 0.80247 5.79308 5.270879086371235e-09
325.960015 0.766062 8.671916 5.3355807322117185e-09
327.960016 0.772646 8.209647 5.389336950771784e-09
329.960016 0.697899 9.169926 5.4683365494558544e-09
331.960016 0.712434 10.744005 5.616824445569303e-09
333.960016 0.747835 10.012849 5.727585724532687e-09
335.960016 0.675202 11.268311 5.9108083331615e-09
337.960016 0.763366 9.789099 6.0120665753755884e-09
339.960016 0.800203 5.674327 6.03152012567858e-09
341.960016 0.736811 5.701901 6.051189920909947e-09
343.960016 0.829946 4.21977 6.0620477481567135e-09
345.960016 0.859158 2.561051 6.067631677474611e-09
347.960017 0.799596 5.476994 6.085605515068662e-09
349.960017 0.866027 2.060163 6.090173548364409e-09
351.960017 0.928844 1.314277 6.093560909480059e-09
353.960017 0.777491 8.504595 6.15406471909108e-09
355.960017 0.786595 9.182055 6.233449397634246e-09
357.960017 0.94929 0.540541 6.235933358295012e-09
359.960017 0.864114 2.987099 6.242557353597032e-09
361.960017 0.828736 7.77588 6.287733027143978e-09
363.960017 0.698486 11.627533 6.4993370654919935e-09
365.960017 0.782656 5.822625 6.519982277428617e-09
367.960017 0.681058 11.713693 6.739023295094929e-09
369.960018 0.771026 10.415508 6.869188755228426e-09
371.960018 0.770014 11.382078 7.060961670857294e-09
373.960018 0.692645 12.427935 7.352626195490891e-09
375.960018 0.714152 8.872817 7.422754706692601e-09
377.960018 0.675079 11.348287 7.611947177847991e-09
379.960018 0.759196 8.738158 7.678390120823198e-09
381.960018 0.674769 12.565325 7.986570416467066e-09
383.960018 0.65485 7.431692 8.02592337136351e-09
385.960018 0.820951 5.156722 8.04173139545585e-09
387.960018 0.604488 6.026464 8.064134601741872e-09
389.960019 0.657325 5.997798 8.086281814663319e-09
391.960019 0.859236 5.206395 8.102407799922906e-09
393.960019 0.698409 12.549563 8.40864681043457e-09
395.960019 0.730874 11.820395 8.637261196411911e-09
397.960019 0.755895 8.878473 8.707548906891847e-09
399.960019 0.604631 11.434836 8.903421230905811e-09
401.960019 0.655457 13.6801 9.385258802587483e-09
403.960019 0.722001 12.333516 9.666089203719872e-09
405.960019 0.652247 12.924241 1.0021963383150197e-08
407.960019 0.633228 13.789801 1.0525465070998132e-08
409.960019 0.674599 8.8539 1.0595063741059004e-08
411.96002 0.709107 11.631783 1.080702863007617e-08
413.96002 0.744966 11.450327 1.1004121197317054e-08
415.96002 0.760317 10.460849 1.113667438423878e-08
417.96002 0.722086 9.233621 1.1217717280658399e-08
419.96002 0.71745 9.08229 1.129398950269231e-08
421.96002 0.662487 13.873619 1.1814697990638005e-08
423.96002 0.542453 8.265767 1.1869677376071815e-08
425.96002 0.668627 7.759293 1.1914553634397096e-08
427.96002 0.633967 10.297148 1.20386868061117e-08
429.96002 0.58167 13.057446 1.2414082320037584e-08
431.960021 0.642927 8.796911 1.2482108873406011e-08
433.960021 0.688407 8.243668 1.2536603311407366e-08
435.960021 0.612176 10.059706 1.2649464944885454e-08
437.960021 0.655224 5.699736 1.2669117674819104e-08
439.960021 0.634359 7.242884 1.2705601771187915e-08
441.960021 0.636077 13.255973 1.3112096602027831e-08
443.960021 0.722301 6.595544 1.3140241124236506e-08
445.960021 0.72188 5.042275 1.3155340221541803e-08
447.960021 0.70546 6.513928 1.318257874419041e-08
449.960021 0.670758 11.016273 1.334819242198613e-08
451.960021 0.731102 11.622044 1.3559331319987679e-08
453.960022 0.763373 5.24533 1.3575710996192118e-08
455.960022 0.731908 4.789954 1.3589357419843651e-08
457.960022 0.726719 2.970195 1.3595936676448998e-08
459.960022 0.844239 0.541534 1.3598421626175152e-08
461.960022 1.055097 0.0 1.3600421626175153e-08
463.960022 0.914267 0.632395 1.3602998763758746e-08
465.960022 0.834245 1.127096 1.3606141232921345e-08
467.960022 0.854426 2.413295 1.3611403995861844e-08
469.960022 0.827736 1.533371 1.3615102349275807e-08
471.960022 0.885053 2.144942 1.3619828312184546e-08
473.960023 0.922688 0.590479 1.3622362504225198e-08
475.960023 0.913459 1.085608 1.3625453137404444e-08
477.960023 0.792396 4.18107 1.3636143804108578e-08
479.960023 0.80243 3.704135 1.3644973884248588e-08
481.960023 0.760886 5.074653 1.366027025441559e-08
483.960023 0.73664 3.433721 1.3668193120240894e-08
485.960023 0.766768 1.981351 1.367261907672368e-08
487.960023 0.832334 3.90185 1.3682177565071404e-08
489.960023 0.832499 2.480108 1.3687583200573489e-08
491.960023 0.995079 0.004952 1.368958717510914e-08
493.960023 1.115244 0.0 1.3691587175109141e-08
495.960024 1.026796 0.0 1.3693587175109142e-08
497.960024 1.145094 0.0 1.3695587175109143e-08
499.960024 1.014387 0.0 1.3697587175109143e-08
501.960024 1.07089 0.072379 1.3699646059940051e-08
503.960024 1.103814 0.005111 1.3701650162221834e-08
505.960024 0.925833 1.059559 1.370470868709742e-08
507.960024 1.027217 0.654508 1.3707308773289426e-08
509.960024 0.999026 0.781394 1.3710044546738154e-08
511.960024 1.095236 0.048177 1.3712083551280848e-08
513.960024 1.076006 0.084384 1.3714152369201007e-08
515.960025 1.21138 0.0 1.3716152369201008e-08
517.960025 1.093185 0.028651 1.3718175474468614e-08
519.960025 1.070715 0.086157 1.372024576344732e-08
521.960025 1.124026 0.088707 1.3722318169995923e-08
523.960025 1.154945 0.012301 1.3724328057491976e-08
525.960025 1.1664 0.0 1.3726328057491976e-08
527.960025 1.178403 0.0 1.3728328057491977e-08
529.960025 0.910917 0.66715 1.3730941355093379e-08
531.960025 1.019955 1.650516 1.3734817542529304e-08
533.960025 1.036583 0.888688 1.3737673562972906e-08
535.960025 1.131105 0.004847 1.373967745315237e-08
537.960026 1.081969 0.201564 1.3741845779879188e-08
539.960026 1.168534 0.0 1.3743845779879188e-08
541.960026 1.255234 0.332932 1.3746131365413473e-08
543.960026 1.196766 1.3932 1.3749627619166246e-08
545.960026 1.160994 0.468807 1.3752041161704356e-08
547.960026 1.138508 0.336416 1.3754329941890636e-08
549.960026 1.090202 0.522255 1.375679575921775e-08
551.960026 1.12978 1.407141 1.3760311608440262e-08
553.960026 1.151482 0.897552 1.3763177796228504e-08
555.960026 1.169811 0.798857 1.3765932790179102e-08
557.960027 1.340746 0.0 1.3767932790179103e-08
559.960027 1.255265 0.359244 1.3770242613254778e-08
561.960027 1.144159 1.3984 1.3773746163323836e-08
563.960027 1.233966 1.597915 1.3777541464980262e-08
565.960027 1.292178 1.91283 1.3781847492545726e-08
567.960027 1.442669 0.0 1.3783847492545727e-08
569.960027 1.237364 1.840748 1.3788030864289975e-08
571.960027 1.299969 1.832434 1.3792200315449158e-08
573.960027 1.355539 0.047902 1.379423909520467e-08
575.960027 1.347123 0.093776 1.3796315717584356e-08
577.960027 1.291935 0.594498 1.3798853996130118e-08
579.960028 1.30628 1.133099 1.3802004037223976e-08
581.960028 1.174249 1.224639 1.380527182947975e-08
583.960028 1.141087 1.304624 1.3808646106963542e-08
585.960028 1.306929 1.597351 1.3812440550553565e-08
587.960028 1.45838 0.0 1.3814440550553565e-08
589.960028 1.433008 0.0 1.3816440550553566e-08
591.960028 1.38777 0.850435 1.3819253105414482e-08
593.960028 1.271118 1.183339 1.3822467236686548e-08
595.960028 1.269245 0.432628 1.3824846024783054e-08
597.960028 1.230187 0.828909 1.3827634411888937e-08
599.960028 1.232738 0.984122 1.383060182167145e-08
601.960029 1.324936 0.811072 1.3833370340163112e-08
603.960029 1.396987 0.412038 1.38357295729163e-08
605.960029 1.361766 0.150664 1.3837854100715165e-08
607.960029 1.437453 1.397852 1.3841356881147514e-08
609.960029 1.650334 0.0 1.3843356881147515e-08
611.960029 1.596403 0.053261 1.3845400045859422e-08
613.960029 1.601464 0.43674 1.3847782758701232e-08
615.960029 1.523834 0.064329 1.3849835009586415e-08
617.960029 1.536976 0.115734 1.3851929993454482e-08
619.960029 1.489091 0.882136 1.3854778521695243e-08
621.96003 1.606679 0.078102 1.3856842135846246e-08
623.96003 1.644545 0.096579 1.385892109313118e-08
625.96003 1.533589 1.10912 1.3862040996807493e-08
627.96003 1.614284 0.247134 1.3864249301577013e-08
629.96003 1.529653 0.145537 1.3866369466990106e-08
631.96003 1.462881 2.323766 1.3871446684011877e-08
633.96003 1.73565 0.458097 1.3873849885682229e-08
635.96003 1.830924 0.0 1.387584988568223e-08
637.96003 1.802917 0.007265 1.3877855719365182e-08
639.96003 1.783562 0.049998 1.3879896213033272e-08
641.96003 1.760541 1.187701 1.388311596996763e-08
643.960031 1.793832 1.360977 1.3886567348011472e-08
645.960031 1.693495 0.449708 1.3888962480771373e-08
647.960031 1.674232 0.210505 1.3891138593849793e-08
649.960031 1.617729 0.521302 1.3893603469253843e-08
651.960031 1.592797 2.399267 1.3898836717825e-08
653.960031 1.737255 0.650291 1.3901432411950831e-08
655.960031 1.717761 0.680282 1.3904059504118756e-08
657.960031 1.573027 1.400182 1.39075655580808e-08
659.960031 1.484706 0.253614 1.3909779607226253e-08
661.960031 1.70402 0.602849 1.3912326398123798e-08
663.960032 1.694566 0.366581 1.3914643025456557e-08
665.960032 1.703281 0.354975 1.3916948898707056e-08
667.960032 1.643817 1.287539 1.3920300143012726e-08
669.960032 1.73647 1.039936 1.3923334700824473e-08
671.960032 1.644523 1.296902 1.3926698548337036e-08
673.960032 1.512725 1.196058 1.3929929110794897e-08
675.960032 1.550269 0.866728 1.3932760097374297e-08
677.960032 1.563047 1.365537 1.3936217790791097e-08
679.960032 1.640805 1.639132 1.3940076327866523e-08
681.960032 1.84861 1.187209 1.3943295449777154e-08
683.960032 1.844965 1.233377 1.3946574709618507e-08
685.960033 1.958419 0.0 1.3948574709618507e-08
687.960033 1.775227 1.457795 1.3952162687154875e-08
689.960033 1.889391 0.033022 1.3954189340756194e-08
691.960033 1.849264 1.379912 1.3957667018565941e-08
693.960033 1.768526 1.968334 1.3962069937836606e-08
695.960033 1.897937 1.472298 1.3965678837957946e-08
697.960033 2.088608 0.0 1.3967678837957947e-08
699.960033 2.126809 0.0 1.3969678837957947e-08
701.960033 2.251192 0.0 1.3971678837957948e-08
703.960033 2.356365 0.0 1.3973678837957949e-08
705.960034 2.394293 0.0 1.397567883795795e-08
707.960034 2.397528 0.0 1.397767883795795e-08
709.960034 2.245631 0.0 1.397967883795795e-08
711.960034 2.431202 0.0 1.3981678837957951e-08
713.960034 2.388831 0.0 1.3983678837957952e-08
715.960034 2.385374 0.0 1.3985678837957952e-08
717.960034 2.415587 0.0 1.3987678837957953e-08
719.960034 2.568677 0.0 1.3989678837957954e-08
721.960034 2.550909 1.429913 1.3993226932000549e-08
723.960034 2.591697 0.881365 1.3996074579897364e-08
725.960034 2.787681 0.0 1.3998074579897365e-08
727.960035 2.910751 0.0 1.4000074579897366e-08
729.960035 2.915189 0.0 1.4002074579897366e-08
731.960035 2.922209 1.374723 1.4005545030575696e-08
733.960035 2.94565 1.026338 1.4008563090368618e-08
