1.96 0.692898 0.0 2e-12
3.96 0.73814 0.0 4e-12
5.96 0.720388 0.0 6e-12
7.96 0.614878 0.0 8e-12
9.96 0.698831 0.0 1e-11
11.960001 0.64515 0.43918 1.2385044788181642e-11
13.960001 0.720255 1.269947 1.5712736686280557e-11
15.960001 0.652574 0.818273 1.8489259266285318e-11
17.960001 0.741577 0.929106 2.1391935345047632e-11
19.960001 0.668133 0.62474 2.396117594663527e-11
21.960001 0.714587 1.916291 2.8273182453999528e-11
23.960001 0.756974 1.591439 3.205864322717202e-11
25.960001 0.62259 1.003965 3.504975353909499e-11
27.960001 0.693813 1.98432 3.948098135454621e-11
29.960001 0.697018 2.043221 4.4018092871994884e-11
31.960002 0.749917 1.51092 4.7683307571026694e-11
33.960002 0.728089 2.222664 5.25588467182555e-11
35.960002 0.746699 1.02275 5.5572568281440744e-11
37.960002 0.77786 0.71337 5.823474162296393e-11
39.960002 0.792211 0.476811 6.065604133649953e-11
41.960002 0.748981 2.28895 6.566288281248481e-11
43.960002 0.632153 2.354885 7.080383921883719e-11
45.960002 0.600681 2.084976 7.541754083516349e-11
47.960002 0.581903 1.357304 7.886384034534553e-11
49.960002 0.629576 2.117301 8.35377216252265e-11
51.960002 0.582234 1.516936 8.721178698459524e-11
53.960003 0.637318 4.250106 9.820247276178343e-11
55.960003 0.619232 3.989779 1.0810392087903622e-10
57.960003 0.634041 3.847128 1.1745499401795925e-10
59.960003 0.588668 3.533585 1.2570149718149955e-10
61.960003 0.627804 4.769736 1.392377560649926e-10
63.960003 0.637857 4.97992 1.5396407578652152e-10
65.960003 0.583264 1.473736 1.5757505705858287e-10
67.960003 0.663453 4.164684 1.6819572399260652e-10
69.960003 0.643693 4.958768 1.8279769246638363e-10
71.960003 0.658917 5.686848 2.0234914057675595e-10
73.960004 0.635679 5.320995 2.1923330228077967e-10
75.960004 0.591797 2.790268 2.2535468257232381e-10
77.960004 0.702916 3.583865 2.3376910256394426e-10
79.960004 0.603218 4.342743 2.451756447851918e-10
81.960004 0.567265 3.887428 2.546790264358409e-10
83.960004 0.570802 3.802998 2.6386611467647586e-10
85.960004 0.597552 3.934186 2.7354932362348207e-10
87.960004 0.630629 7.06014 3.0745603396923856e-10
89.960004 0.590617 5.243629 3.238245439545953e-10
91.960004 0.628246 7.73282 3.68227038565236e-10
93.960004 0.624531 6.28678 3.930946651913378e-10
95.960005 0.583441 4.938385 4.0757779689253625e-10
97.960005 0.615447 7.35544 4.457459331080885e-10
99.960005 0.715362 3.989028 4.556444005280823e-10
101.960005 0.738895 1.136188 4.5879834506334206e-10
103.960005 0.748019 1.474775 4.624108307787239e-10
105.960005 0.788903 0.516975 4.6487143400002653e-10
107.960005 0.761007 1.85512 4.690789792718231e-10
109.960005 0.758942 2.006129 4.735491209562072e-10
111.960005 0.801982 0.431491 4.759268249714579e-10
113.960005 0.765661 1.991987 4.803716942754854e-10
115.960006 0.66948 5.281747 4.969922657362145e-10
117.960006 0.802081 1.584224 5.007667926944169e-10
119.960006 0.665808 5.904147 5.220978955852821e-10
121.960006 0.719636 4.662588 5.350649964967757e-10
123.960006 0.60265 5.487557 5.531151109115441e-10
125.960006 0.700704 5.148764 5.688727810580175e-10
127.960006 0.636227 6.030261 5.913101165324719e-10
129.960006 0.692552 7.012285 6.245725119953052e-10
131.960006 0.729947 4.584737 6.371411463232822e-10
133.960006 0.606147 6.387208 6.63030431895155e-10
135.960006 0.531406 1.399058 6.665349063134738e-10
137.960007 0.567953 2.230498 6.714257821981584e-10
139.960007 0.538942 0.995103 6.744062844124997e-10
141.960007 0.569109 4.561137 6.868565623304081e-10
143.960007 0.646053 5.32095 7.037404194324731e-10
145.960007 0.595451 5.857739 7.246783192327646e-10
147.960007 0.764138 2.967544 7.312505870740306e-10
149.960007 0.854633 0.383688 7.33583157212106e-10
151.960007 0.683989 3.214492 7.408394013122523e-10
153.960007 0.721185 3.513366 7.490193288744917e-10
155.960007 0.661491 5.023286 7.640039156002876e-10
157.960008 0.827664 2.125205 7.686926308528037e-10
159.960008 0.716848 4.926415 7.831064264270462e-10
161.960008 0.61844 6.672879 8.121372153444772e-10
163.960008 0.651558 5.196805 8.282013199553046e-10
165.960008 0.561786 3.822213 8.374594537204184e-10
167.960008 0.770212 1.465522 8.410585633818235e-10
169.960008 0.731537 3.242436 8.483965560236912e-10
171.960008 0.709197 9.117429 9.257508672084041e-10
173.960008 0.652815 9.348772 1.0106228081414135e-09
175.960008 0.652014 9.212317 1.0909764694739027e-09
177.960008 0.640023 7.293798 1.1282129251805093e-09
179.960009 0.623811 6.975429 1.1609874533232888e-09
181.960009 0.571913 4.359108 1.172469078276332e-09
183.960009 0.671404 10.254349 1.2944904855019935e-09
185.960009 0.781499 4.746513 1.3079013028294544e-09
187.960009 0.771931 3.867195 1.3173279089488127e-09
189.960009 0.679124 10.226846 1.43801127774063e-09
191.960009 0.714782 7.214922 1.4740886645024277e-09
193.960009 0.645038 8.875952 1.5443053718701065e-09
195.960009 0.700022 9.154395 1.622814607736937e-09
197.960009 0.740842 9.874102 1.7275830370799797e-09
199.960009 0.749256 5.226261 1.7438379695303904e-09
201.96001 0.79096 4.915683 1.7581898823461727e-09
203.96001 0.794062 4.742022 1.7715765755256178e-09
205.96001 0.714833 10.768668 1.9215399416319497e-09
207.96001 0.760374 6.08483 1.944473550612683e-09
209.96001 0.88446 1.738144 1.9484883316375297e-09
211.96001 0.665147 10.164612 2.0661978908798307e-09
213.96001 0.612237 7.570049 2.1077953662104225e-09
215.96001 0.596779 6.759334 2.1378500178110775e-09
217.96001 0.718164 8.865294 2.207767337959855e-09
219.96001 0.599281 7.18753 2.243450702286298e-09
221.960011 0.791523 4.937266 2.25792733808127e-09
223.960011 0.770096 4.387897 2.2695422486233542e-09
225.960011 0.79923 4.067172 2.2797557293184e-09
227.960011 0.730739 8.059835 2.3303783508962914e-09
229.960011 0.6567 11.611911 2.5406612581994553e-09
231.960011 0.846079 3.152587 2.547739631709426e-09
233.960011 0.794425 4.937277 2.56221633134631e-09
235.960011 0.753831 5.492877 2.5803049846690443e-09
237.960011 0.791645 4.783761 2.5939175686991536e-09
239.960011 0.799264 5.275001 2.610493250146631e-09
241.960011 0.806521 5.021357 2.625466253002574e-09
243.960012 0.795544 4.899896 2.6397276175060423e-09
245.960012 0.867314 1.82759 2.6438889794575243e-09
247.960012 0.786726 4.958732 2.65849073718723e-09
249.960012 0.84753 1.181101 2.6617019859317384e-09
251.960012 0.795653 6.389358 2.6876135964437147e-09
253.960012 0.819222 5.293637 2.7043135838857334e-09
255.960012 0.861987 3.554161 2.7126283944673775e-09
257.960012 0.844481 4.28944 2.7237937695265104e-09
259.960012 0.828636 3.8461 2.7331409895708455e-09
261.960012 0.74632 8.608301 2.7962133650685412e-09
263.960013 0.809265 5.093223 2.8116240395214202e-09
265.960013 0.822235 3.769486 2.820688522623652e-09
267.960013 0.776706 7.245221 2.8572068177528983e-09
269.960013 0.737673 7.666343 2.9004415647094075e-09
271.960013 0.642324 11.235709 3.081284963275262e-09
273.960013 0.72793 10.397389 3.2105083208965433e-09
275.960013 0.680393 12.478838 3.508186113108563e-09
277.960013 0.645167 8.808774 3.576536969312263e-09
279.960013 0.657216 11.866796 3.8094439633605795e-09
281.960013 0.626252 5.601994 3.828341483777461e-09
283.960013 0.650683 10.106441 3.9433376758837406e-09
285.960014 0.583631 5.415063 3.960870742302204e-09
287.960014 0.674323 11.900538 4.196949776678717e-09
289.960014 0.647529 11.945825 4.437354188753016e-09
291.960014 0.660829 10.92815 4.59721901605798e-09
293.960014 0.696333 12.210127 4.864495411005591e-09
295.960014 0.71031 11.169012 5.040567252595133e-09
297.960014 0.726626 9.278167 5.123070482450734e-09
299.960014 0.763232 6.502057 5.150179680121131e-09
301.960014 0.774328 8.521803 5.211102337911745e-09
303.960014 0.722276 11.586293 5.419236596125121e-09
305.960015 0.680777 10.607358 5.559808705091884e-09
307.960015 0.690124 11.359336 5.749841087990038e-09
309.960015 0.719402 5.674982 5.769299747362261e-09
311.960015 0.747221 7.85647 5.815958844292203e-09
313.960015 0.789188 5.743242 5.8359573619722935e-09
315.960015 0.715526 10.410087 5.965840237881898e-09
317.960015 0.669096 7.788938 6.011253028688305e-09
319.960015 0.691934 6.994952 6.044285087110023e-09
321.960015 0.629935 14.038718 6.600625216732258e-09
323.960015 0.714788 10.82384 6.753942562379833e-09
325.960015 0.753 9.849403 6.857678691614524e-09
327.960016 0.686567 12.802385 7.196585175031087e-09
329.960016 0.738378 10.345845 7.3231656112821855e-09
331.960016 0.658615 11.263942 7.50606757422075e-09
333.960016 0.732602 11.137371 7.679920028637995e-09
335.960016 0.801214 6.518316 7.707206511026389e-09
337.960016 0.72485 11.202593 7.885664816314949e-09
339.960016 0.755765 9.195579 7.965481077851558e-09
341.960016 0.796582 8.171196 8.018414982096183e-09
343.960016 0.84005 5.128822 8.03404717343168e-09
345.960016 0.704644 11.893173 8.269430168520609e-09
347.960017 0.554729 4.909979 8.283749299187096e-09
349.960017 0.616156 12.792637 8.621333903783162e-09
351.960017 0.583409 7.701712 8.66518607404513e-09
353.960017 0.533498 3.504098 8.673335664547417e-09
355.960017 0.596096 10.079715 8.787106288594028e-09
357.960017 0.612064 13.957933 9.325716698581611e-09
359.960017 0.591877 8.512369 9.386409372025435e-09
361.960017 0.548641 2.679953 9.392265926494793e-09
363.960017 0.603195 8.299187 9.447986901442595e-09
365.960017 0.576281 4.717911 9.46124481836209e-09
367.960017 0.557543 2.913921 9.467677304248132e-09
369.960018 0.606228 12.20716 9.734635964622288e-09
371.960018 0.557578 2.461907 9.74000229917361e-09
373.960018 0.748231 11.815107 9.968132535833793e-09
375.960018 0.564033 4.545822 9.980506604436613e-09
377.960018 0.624607 12.524517 1.0283686013199346e-08
379.960018 0.588997 3.088291 1.0290584260590342e-08
381.960018 0.571683 5.450532 1.0308368424783839e-08
383.960018 0.612094 5.506545 1.0326556468915052e-08
385.960018 0.557601 3.191233 1.0333745365085148e-08
387.960018 0.593506 10.268258 1.045644909207922e-08
389.960019 0.604377 7.080685 1.0490636233533256e-08
391.960019 0.567815 4.361959 1.0502130989352825e-08
393.960019 0.633671 8.475332 1.0561929129816062e-08
395.960019 0.601617 8.319377 1.0618102959031825e-08
397.960019 0.576332 6.162929 1.064176599058482e-08
399.960019 0.640877 10.104298 1.0756663426649144e-08
401.960019 0.572669 5.790823 1.0777047089770816e-08
403.960019 0.629904 14.587565 1.1470315290475092e-08
405.960019 0.616826 13.052137 1.1844912654805827e-08
407.960019 0.572113 5.66213 1.186427131190738e-08
409.960019 0.652402 13.198851 1.2261562924955983e-08
411.96002 0.676272 15.530171 1.3273189830448118e-08
413.96002 0.583916 9.015912 1.3347459105918245e-08
415.96002 0.573019 10.157461 1.3464831687807145e-08
417.96002 0.569522 4.787266 1.3478463413442501e-08
419.96002 0.728284 12.084304 1.373259187106689e-08
421.96002 0.733024 11.960874 1.397445109031392e-08
423.96002 0.613782 16.63209 1.554799106569946e-08
425.96002 0.576656 12.015817 1.5795236845024115e-08
427.96002 0.580247 10.847595 1.5950021293574956e-08
429.96002 0.570497 10.279248 1.6073266843194336e-08
431.960021 0.572006 7.047831 1.6107006643720276e-08
433.960021 0.535009 6.076715 1.6129865762481866e-08
435.960021 0.572293 13.670953 1.6609939621331e-08
437.960021 0.620049 9.952809 1.671806665096782e-08
439.960021 0.618477 5.09835 1.6733509033940493e-08
441.960021 0.597939 7.655627 1.6776558437268768e-08
443.960021 0.640038 9.062173 1.685221799288202e-08
445.960021 0.675307 10.625183 1.6993798253787295e-08
447.960021 0.735087 9.355234 1.707889035469058e-08
449.960021 0.725382 11.616403 1.7289552297092234e-08
451.960021 0.642395 7.027525 1.7323018542449897e-08
453.960022 0.588975 6.827072 1.735390056259849e-08
455.960022 0.746223 6.346016 1.7379365818291376e-08
457.960022 0.599574 6.743954 1.7409235724169448e-08
459.960022 0.651702 6.381214 1.7435062871395504e-08
461.960022 0.644069 7.372524 1.7473493322669865e-08
463.960022 0.663124 10.890139 1.7630940452673593e-08
465.960022 0.572221 10.393015 1.7759937406519353e-08
467.960022 0.691041 14.089444 1.832770734810555e-08
469.960022 0.67183 8.648316 1.839179971100189e-08
471.960022 0.858328 3.237747 1.8399123922224172e-08
473.960023 0.78068 8.978556 1.847228920515198e-08
475.960023 0.807155 2.707617 1.847821107452632e-08
477.960023 0.808023 7.048564 1.8511960791471776e-08
479.960023 0.757351 10.354627 1.8638987674162484e-08
481.960023 0.785116 10.900175 1.879706957064054e-08
483.960023 0.766927 11.962601 1.9039096303433202e-08
485.960023 0.848766 6.672538 1.906812312383474e-08
487.960023 0.782959 11.468044 1.9266620600445365e-08
489.960023 0.775698 9.378865 1.9352522682260873e-08
491.960023 0.772218 11.451987 1.9549746459656615e-08
493.960023 0.885972 2.679021 1.9555600826255747e-08
495.960024 0.898902 2.955583 1.95621416538119e-08
497.960024 0.834037 6.73148 1.9591862555424183e-08
499.960024 0.811847 6.375631 1.961763195920194e-08
501.960024 0.984596 0.34811 1.9619931494878157e-08
503.960024 0.704899 10.556703 1.9757677658801263e-08
505.960024 0.822589 4.246686 1.9768653285520918e-08
507.960024 0.825841 2.4083 1.977390552014035e-08
509.960024 0.99101 0.0 1.9775905520140348e-08
511.960024 0.921383 0.522322 1.9778371403702248e-08
513.960024 0.862655 0.775744 1.9781100987282845e-08
515.960025 0.790983 6.861255 1.9812409135071173e-08
517.960025 0.86063 1.489973 1.9816043698847134e-08
519.960025 0.664024 13.438013 2.0253314411526167e-08
521.960025 0.675161 12.972344 2.061611818224339e-08
523.960025 0.625513 11.311257 2.0802522719597533e-08
525.960025 0.630047 7.008922 2.0835740299147624e-08
527.960025 0.518979 6.446908 2.0862256698870974e-08
529.960025 0.569548 7.40486 2.0901188596476522e-08
531.960025 0.528931 9.408233 2.0988108055076505e-08
533.960025 0.579673 9.662911 2.1084371085372363e-08
535.960025 0.534204 5.610847 2.1103335796744424e-08
537.960026 0.529558 7.04256 2.1137004374095698e-08
539.960026 0.552244 7.239445 2.117343820369085e-08
541.960026 0.507425 4.584134 2.1186003799950746e-08
543.960026 0.521485 4.495187 2.1198129207768388e-08
545.960026 0.550116 3.508066 2.1206291772976716e-08
547.960026 0.613394 9.454595 2.1294841901689008e-08
549.960026 0.59056 10.475134 2.1428156394518617e-08
551.960026 0.595056 9.566479 2.1520768882782774e-08
553.960026 0.599039 8.12482 2.157272770589803e-08
555.960026 0.563892 7.207445 2.1608697109435798e-08
557.960027 0.558591 7.513328 2.1649359336534372e-08
559.960027 0.559141 6.716397 2.1678901061295936e-08
561.960027 0.570644 9.444178 2.176708215301232e-08
563.960027 0.550857 10.398202 2.1896347636314898e-08
565.960027 0.49732 3.088963 2.1903247742413744e-08
567.960027 0.577032 11.809629 2.2130877515277894e-08
569.960027 0.810852 9.123466 2.2208419272366644e-08
571.960027 0.836674 6.105188 2.22315408241065e-08
573.960027 0.827128 4.702952 2.2244719468841274e-08
575.960027 0.839774 2.647349 2.2250499969254585e-08
577.960027 0.864229 1.927174 2.2254830830495723e-08
579.960028 0.839086 3.603941 2.2263313248289275e-08
581.960028 0.815503 8.347491 2.2320123801262956e-08
583.960028 0.759138 11.253692 2.2502275706274134e-08
585.960028 0.633686 18.496172 2.582456139086363e-08
587.960028 0.587176 15.850811 2.6974958200888658e-08
589.960028 0.654256 12.462151 2.7270651190135025e-08
591.960028 0.60755 15.609138 2.8314817027590864e-08
593.960028 0.708294 16.099278 2.9585709405207103e-08
595.960028 0.581379 10.329628 2.971146954530595e-08
597.960028 0.600085 13.701984 3.0197553102298025e-08
599.960028 0.662453 19.691509 3.55624278399927e-08
601.960029 0.567645 4.781786 3.557602964993919e-08
603.960029 0.671963 18.294167 3.863986529248786e-08
605.960029 0.561961 9.383924 3.872594177710284e-08
607.960029 0.564353 10.050557 3.8838390202963115e-08
609.960029 0.538133 10.156787 3.895573107366692e-08
611.960029 0.648309 19.35967 4.3652318463806285e-08
613.960029 0.558494 11.312683 4.3838829598102254e-08
615.960029 0.521969 6.842363 4.386990151522153e-08
617.960029 0.472861 2.884446 4.3876258437306115e-08
619.960029 0.552992 9.745529 4.397576330364805e-08
621.96003 0.581063 12.715323 4.4303044708903245e-08
623.96003 0.533439 8.192549 4.4356433703526315e-08
625.96003 0.514688 3.949649 4.436617712744614e-08
627.96003 0.576607 12.612222 4.468020644954262e-08
629.96003 0.551591 12.081043 4.493400288671758e-08
631.96003 0.584554 14.493189 4.5601530565826515e-08
633.96003 0.569738 4.676007 4.561456761490927e-08
635.96003 0.537395 6.481266 4.5641451789061575e-08
637.96003 0.551782 3.67261 4.565017097143961e-08
639.96003 0.617647 6.180751 4.567400368033417e-08
641.96003 0.592104 3.771735 4.568307634003909e-08
643.960031 0.557087 4.639801 4.5695925519612216e-08
645.960031 0.539329 7.337344 4.573381775454487e-08
647.960031 0.592057 7.188269 4.576951169238084e-08
649.960031 0.722845 7.244836 4.5806024351363244e-08
651.960031 0.639251 8.768431 4.58732786047081e-08
653.960031 0.703066 12.974573 4.623640673036441e-08
655.960031 0.749193 8.387651 4.629413936243013e-08
657.960031 0.743308 8.681035 4.6359077982566874e-08
659.960031 0.617833 14.895532 4.714344993375939e-08
661.960031 0.585888 10.752565 4.72924482817719e-08
663.960032 0.597058 16.759564 4.894849484536736e-08
665.960032 0.551541 3.86258 4.8957904026600246e-08
667.960032 0.59227 13.66447 4.943673175241158e-08
669.960032 0.627585 11.529181 4.9640154577043276e-08
671.960032 0.651983 8.475871 4.969996564064388e-08
673.960032 0.672989 11.116134 4.98723441846433e-08
675.960032 0.588577 10.472099 5.0005496564987396e-08
677.960032 0.602444 10.269917 5.012828193013373e-08
679.960032 0.564473 6.180127 5.0152108677628217e-08
681.960032 0.647961 9.22871 5.0232992169018855e-08
683.960032 0.571867 7.399523 5.0271840855223707e-08
685.960033 0.617319 15.359464 5.121655022024367e-08
687.960033 0.740852 10.86447 5.137238538540309e-08
689.960033 0.843256 5.091137 5.138778317739141e-08
691.960033 0.58606 14.360617 5.202075866471305e-08
693.960033 0.778003 1.70558 5.20247213727626e-08
695.960033 0.777587 5.439701 5.204242848138476e-08
697.960033 0.620413 3.600643 5.205089969118601e-08
699.960033 0.545323 3.598753 5.2059364484648145e-08
701.960033 0.723719 2.580226 5.206499150533054e-08
703.960033 0.717169 8.146803 5.211741027356695e-08
705.960034 0.670505 9.21375 5.219781011142054e-08
707.960034 0.619803 8.233523 5.2252083359193136e-08
709.960034 0.653948 6.09919 5.227514937859304e-08
711.960034 0.599919 5.042741 5.2290251297021597e-08
713.960034 0.622271 1.45933 5.22938414832559e-08
715.960034 0.667033 3.172165 5.2300975633347e-08
717.960034 0.758921 1.111909 5.23040990274387e-08
719.960034 0.715524 3.180532 5.231125714847753e-08
721.960034 0.728023 6.935973 5.23435173207036e-08
723.960034 0.74111 5.091202 5.235891551394839e-08
725.960034 0.763522 2.923678 5.2365373210796685e-08
727.960035 0.650604 4.300137 5.237658657151617e-08
729.960035 0.736123 8.192139 5.2429966791192296e-08
731.960035 0.829512 3.870845 5.2439407201491573e-08
733.960035 0.911705 1.246383 5.2442703604731235e-08
735.960035 0.861382 3.611521 5.245121183879567e-08
737.960035 0.746182 5.522945 5.24695198612924e-08
739.960035 0.610086 6.102676 5.249261813948732e-08
741.960035 0.602383 11.378873 5.26841448024662e-08
743.960035 0.651958 9.194123 5.276391448710041e-08
745.960035 0.617712 10.551801 5.290139021114407e-08
747.960036 0.752952 6.411433 5.292753215822381e-08
749.960036 0.767222 4.909055 5.29418459855099e-08
751.960036 0.843652 3.169728 5.2948973168851016e-08
753.960036 0.774104 7.158776 5.298424754773457e-08
755.960036 0.786302 8.750967 5.305103256801058e-08
757.960036 0.743813 6.978074 5.308384186874019e-08
759.960036 0.821247 7.769451 5.3128901254771705e-08
761.960036 0.935142 0.602758 5.313144795275735e-08
763.960036 0.969473 0.273335 5.3133679576231536e-08
765.960036 0.939351 1.228317 5.31369521905293e-08
767.960036 0.972143 0.487705 5.3139384088372966e-08
769.960037 0.954434 0.426843 5.3141757365852944e-08
771.960037 0.903364 3.279665 5.3149205702381125e-08
773.960037 0.85234 8.275944 5.320440986411515e-08
775.960037 0.839058 9.358258 5.328960518859668e-08
777.960037 0.861576 5.589235 5.330840629153308e-08
779.960037 0.905759 3.667707 5.331710835187212e-08
781.960037 0.985165 1.278071 5.332044689965066e-08
783.960037 1.073945 0.0 5.332244689965066e-08
785.960037 0.994767 0.309306 5.3324710938666364e-08
787.960037 1.097542 0.0 5.3326710938666366e-08
789.960038 1.011458 0.76088 5.332942430476858e-08
791.960038 1.000975 1.621742 5.333325603449755e-08
793.960038 1.020623 1.635607 5.3337109122538504e-08
795.960038 1.092751 0.02489 5.3339129179637196e-08
797.960038 1.003219 0.24283 5.3341333677245826e-08
799.960038 0.982039 1.1746 5.3344536567403135e-08
801.960038 1.024368 1.566548 5.334828444092414e-08
803.960038 1.017737 1.002459 5.335127374584663e-08
805.960038 0.894646 3.691091 5.3360057770119495e-08
807.960038 1.014395 0.987105 5.3363028730774554e-08
809.960038 0.887849 4.842929 5.3376968078026463e-08
811.960039 0.960346 3.404495 5.33847986538917e-08
813.960039 0.976581 2.672962 5.339063881690194e-08
815.960039 0.965694 3.01877 5.3397347454308616e-08
817.960039 0.937274 3.836509 5.3406658802297425e-08
819.960039 1.126316 0.014413 5.340867039232096e-08
821.960039 0.976201 2.990902 5.341530449461796e-08
823.960039 0.88386 4.297149 5.342650443075207e-08
825.960039 0.881966 6.21082 5.3450626179217395e-08
827.960039 1.053454 1.219289 5.345388697003678e-08
829.960039 1.02225 1.899648 5.3458170301272205e-08
831.96004 1.139566 0.436832 5.346055310199849e-08
833.96004 1.148032 0.227367 5.3462743975673205e-08
835.96004 1.125371 0.582586 5.346527016127732e-08
837.96004 1.209735 0.0031 5.3467272648451405e-08
839.96004 1.246859 0.0 5.346927264845141e-08
841.96004 1.341325 0.020104 5.347128883329154e-08
843.96004 1.344276 0.04134 5.34733222565608e-08
845.96004 1.417252 0.0 5.3475322256560805e-08
847.96004 1.40825 0.0 5.347732225656081e-08
849.96004 1.397725 0.0 5.347932225656081e-08
851.96004 1.437563 0.971199 5.3482274332150454e-08
853.960041 1.356935 0.639798 5.348485912983656e-08
855.960041 1.374823 0.671378 5.348747686083438e-08
857.960041 1.456786 0.912754 5.349036057023466e-08
859.960041 1.501522 0.16411 5.349249658145219e-08
861.960041 1.59584 0.096561 5.3494575523734716e-08
863.960041 1.637463 0.0 5.349657552373472e-08
865.960041 1.683846 0.0 5.349857552373472e-08
867.960041 1.678313 0.0 5.350057552373472e-08
869.960041 1.587081 0.001436 5.350257667547365e-08
871.960041 1.657866 0.585785 5.350510610300013e-08
873.960042 1.684041 0.017138 5.350711989183426e-08
875.960042 1.711263 0.0 5.350911989183426e-08
877.960042 1.830136 0.0 5.3511119891834264e-08
879.960042 1.706587 0.007047 5.351312555021919e-08
881.960042 1.660177 0.680618 5.351575299629353e-08
883.960042 1.526436 1.276274 5.35190891397434e-08
885.960042 1.562785 0.626278 5.352165996501779e-08
887.960042 1.5115 1.1331 5.3524810007374524e-08
889.960042 1.430969 1.104315 5.3527923906770885e-08
891.960042 1.399483 0.807765 5.353068875718631e-08
893.960042 1.269636 0.780107 5.353342311942637e-08
895.960043 1.379411 0.660715 5.353602968382136e-08
897.960043 1.417971 2.627479 5.3541764319462455e-08
899.960043 1.480243 1.802533 5.354588408751614e-08
901.960043 1.515625 0.867561 5.3548716019679124e-08
903.960043 1.508631 0.852323 5.3551530704208294e-08
905.960043 1.520134 0.928483 5.355443265538893e-08
907.960043 1.640858 0.309657 5.355669701301959e-08
909.960043 1.618546 0.22829 5.355888869755078e-08
911.960043 1.436053 1.374775 5.356235922057907e-08
913.960043 1.315861 0.10529 5.356444545091677e-08
915.960044 1.247624 0.615476 5.35670051670295e-08
917.960044 1.258866 0.492338 5.3569441586092894e-08
919.960044 1.294933 0.157992 5.357157236461937e-08
921.960044 1.328334 1.148194 5.3574741526629634e-08
923.960044 1.331569 0.800681 5.357749853592279e-08
925.960044 1.331815 0.65802 5.358010228558464e-08
927.960044 1.327042 0.842852 5.3582906303025065e-08
929.960044 1.433834 2.944228 5.3589417422384965e-08
931.960044 1.458482 3.750086 5.359841167889837e-08
933.960044 1.526017 0.829285 5.360120048636121e-08
935.960044 1.581753 0.371045 5.3603521263364637e-08
937.960045 1.535593 0.929938 5.3606424907808044e-08
939.960045 1.54931 0.706179 5.3609079417346404e-08
941.960045 1.743876 0.032437 5.361110559569014e-08
943.960045 1.679236 1.000467 5.3614092514281324e-08
945.960045 1.610969 1.631348 5.361793902891644e-08
947.960045 1.61106 1.835769 5.3622114058476056e-08
949.960045 1.596727 1.426271 5.362565697570375e-08
951.960045 1.553309 2.10626 5.3630310214124546e-08
953.960045 1.692515 0.58562 5.363283947433543e-08
955.960045 1.63478 2.342728 5.363795543551854e-08
957.960046 1.546073 2.062351 5.364252747758912e-08
959.960046 1.529922 1.406049 5.364604178793994e-08
961.960046 1.613454 2.540323 5.3651579506971795e-08
963.960046 1.546256 3.418628 5.365945457705694e-08
965.960046 1.422289 3.108906 5.3666410072747746e-08
967.960046 1.360558 1.208539 5.366965684058179e-08
969.960046 1.424514 2.301812 5.3674689566400105e-08
971.960046 1.430094 5.261028 5.369117265236974e-08
973.960046 1.466609 4.982726 5.370591554774961e-08
975.960046 1.355062 0.847818 5.3708725153293134e-08
977.960046 1.359361 0.842411 5.3711528675026046e-08
979.960047 1.378147 0.958515 5.371446577707357e-08
981.960047 1.415075 3.646856 5.372309539721438e-08
983.960047 1.399227 2.316143 5.372815712133391e-08
985.960047 1.383995 2.121274 5.3732838453136696e-08
987.960047 1.393247 2.759871 5.373888568855589e-08
989.960047 1.426256 4.66549 5.3751867884621534e-08
991.960047 1.428664 5.11361 5.376740503142255e-08
993.960047 1.482631 2.760868 5.377345468443605e-08
995.960047 1.514548 2.784399 5.377956167848991e-08
997.960047 1.612132 2.912127 5.378598953961059e-08
999.960047 1.601041 2.558892 5.3791568637793116e-08
1001.960048 1.531089 2.363688 5.3796727769675543e-08
1003.960048 1.545554 1.83851 5.380090738964884e-08
1005.960048 1.536737 2.782769 5.3807010394208846e-08
1007.960048 1.502704 3.74777 5.38159963034071e-08
1009.960048 1.453887 5.134271 5.3831662681327376e-08
1011.960048 1.500056 3.846164 5.3841010141206734e-08
1013.960048 1.521085 3.101456 5.384794489346874e-08
1015.960048 1.678868 1.700447 5.385189945520418e-08
1017.960048 1.599552 3.79803 5.386106826363618e-08
1019.960048 1.50094 4.217484 5.387191614450973e-08
1021.960049 1.493526 5.283652 5.388854941443986e-08
1023.960049 1.399668 2.602069 5.389422592750268e-08
1025.960049 1.397861 4.42955 5.390603642412335e-08
1027.960049 1.332007 1.758002 5.391008329530709e-08
1029.960049 1.304885 1.794021 5.391418902849826e-08
1031.960049 1.419383 4.631145 5.39269936953753e-08
1033.960049 1.350335 2.997307 5.393364485470978e-08
1035.960049 1.361206 2.129674 5.393834197806325e-08
1037.960049 1.461489 1.471468 5.394194967751007e-08
1039.960049 1.307495 0.178826 5.394409832792939e-08
1041.960049 1.430686 0.711925 5.394675895948888e-08
1043.96005 1.387326 1.188732 5.394998004753985e-08
1045.96005 1.404403 2.058522 5.395454507656129e-08
1047.96005 1.449365 0.928898 5.3957447510599353e-08
1049.96005 1.483289 1.83095 5.396161448189262e-08
1051.96005 1.405351 1.167024 5.396480765874028e-08
1053.96005 1.367987 1.905409 5.396910089432058e-08
1055.96005 1.267388 1.211217 5.397235114985812e-08
1057.96005 1.23335 1.64607 5.397622043439016e-08
1059.96005 1.392617 1.369699 5.397968390205624e-08
1061.96005 1.289393 0.435964 5.398206587374062e-08
1063.960051 1.294359 0.497188 5.398450703479375e-08
1065.960051 1.314436 0.337413 5.398679673000013e-08
1067.960051 1.296452 0.769594 5.398951959185449e-08
1069.960051 1.243456 1.128355 5.399266364755683e-08
1071.960051 1.2632 0.355173 5.399496970385426e-08
1073.960051 1.28999 0.318052 5.3997241695295046e-08
1075.960051 1.250554 1.416356 5.400077055737412e-08
1077.960051 1.330115 0.307146 5.400303263666892e-08
1079.960051 1.283602 0.801332 5.400579036561068e-08
1081.960051 1.365283 0.556361 5.400829013051594e-08
1083.960051 1.345837 1.30418 5.401166380742134e-08
1085.960052 1.260687 2.151809 5.401640279899455e-08
1087.960052 1.233781 2.459543 5.402176405003186e-08
1089.960052 1.269201 2.647861 5.4027545737100415e-08
1091.960052 1.383763 1.627339 5.4031386074430075e-08
1093.960052 1.324259 1.711261 5.403535781806134e-08
1095.960052 1.328756 2.083021 5.403996790499086e-08
1097.960052 1.379248 1.933404 5.404430959675379e-08
1099.960052 1.437765 0.752027 5.404701334954544e-08
1101.960052 1.500147 0.339885 5.404930531506596e-08
1103.960052 1.325105 2.276454 5.405428713626848e-08
1105.960053 1.415099 3.159314 5.406138462526046e-08
1107.960053 1.332736 2.003731 5.40658504715181e-08
1109.960053 1.37655 2.413418 5.407111349398062e-08
1111.960053 1.284291 2.531556 5.407663178342771e-08
1113.960053 1.368953 3.693324 5.408542367491982e-08
1115.960053 1.421343 2.679684 5.4091279597827686e-08
1117.960053 1.322185 3.362891 5.4098980647817436e-08
1119.960053 1.333493 2.761887 5.410503277277111e-08
1121.960053 1.411918 2.399494 5.4110266497621426e-08
1123.960053 1.329882 4.351788 5.412171447746577e-08
1125.960053 1.324965 4.014382 5.4131714072118886e-08
1127.960054 1.385966 4.540113 5.4144059851549016e-08
1129.960054 1.40255 3.824684 5.4153327161367324e-08
1131.960054 1.354283 1.999268 5.415778502424548e-08
1133.960054 1.328526 2.975914 5.416437938302528e-08
1135.960054 1.426641 1.416635 5.4167908639841286e-08
1137.960054 1.51911 0.211006 5.4170085190046465e-08
1139.960054 1.51992 0.159412 5.417221718194747e-08
1141.960054 1.46246 2.776035 5.417830373236341e-08
1143.960054 1.58955 0.031085 5.4180328812760444e-08
1145.960054 1.371519 0.59151 5.4182864052490465e-08
1147.960055 1.455318 0.753713 5.418556963344938e-08
1149.960055 1.374962 0.498793 5.418801236579051e-08
1151.960055 1.379838 1.939004 5.4192363815966836e-08
1153.960055 1.490682 0.047009 5.419440186594795e-08
1155.960055 1.482525 0.532916 5.4196878244927484e-08
1157.960055 1.491445 1.10802 5.419999677303377e-08
1159.960055 1.380061 2.79611 5.4206132507035945e-08
1161.960055 1.410364 3.341569 5.421376800779675e-08
1163.960055 1.460781 1.336514 5.421718570220747e-08
1165.960055 1.372348 4.831754 5.423106273883925e-08
1167.960055 1.266526 4.48913 5.4243158738261505e-08
1169.960056 1.200159 1.94609 5.4247522567757585e-08
1171.960056 1.185822 4.017511 5.425753471418086e-08
1173.960056 1.24437 4.331514 5.426889002190223e-08
1175.960056 1.248266 4.644078 5.428176125264515e-08
1177.960056 1.214048 4.709769 5.4294975963733275e-08
1179.960056 1.293814 5.279359 5.431158063080485e-08
1181.960056 1.433531 1.230859 5.431485658194949e-08
1183.960056 1.395729 1.73443 5.431886538952659e-08
1185.960056 1.518341 0.752204 5.432156933418522e-08
1187.960056 1.519936 0.471904 5.4323985875267125e-08
1189.960057 1.516849 2.322629 5.432906077845699e-08
1191.960057 1.398646 2.562494 5.433464793906881e-08
1193.960057 1.519779 3.251544 5.4342012775142265e-08
1195.960057 1.38493 2.961113 5.4348568119934254e-08
1197.960057 1.510456 5.780377 5.436886659714396e-08
1199.960057 1.478732 3.288796 5.437634224968931e-08
1201.960057 1.504114 3.332835 5.438395106127328e-08
1203.960057 1.513837 2.647757 5.438973250728277e-08
1205.960057 1.395371 2.653582 5.439552747041312e-08
1207.960057 1.38442 1.487451 5.4399158361176364e-08
1209.960057 1.410304 3.193686 5.44063543305787e-08
1211.960058 1.53586 3.622685 5.441490073059564e-08
1213.960058 1.487622 3.874569 5.442435524577414e-08
1215.960058 1.500845 6.086915 5.444730803281076e-08
1217.960058 1.4538 6.198354 5.4471309528333903e-08
1219.960058 1.739952 0.885712 5.447416214328618e-08
1221.960058 1.633223 3.360053 5.448185443618449e-08
1223.960058 1.633259 3.463892 5.448987371727803e-08
1225.960058 1.56856 4.572653 5.4502381609221075e-08
1227.960058 1.59864 3.995131 5.4512304325278045e-08
1229.960058 1.467268 6.832613 5.454325502394407e-08
1231.960059 1.499909 7.490424 5.458354558345974e-08
1233.960059 1.591025 4.06612 5.4593754757475565e-08
1235.960059 1.473723 7.722402 5.463797218478931e-08
1237.960059 1.526672 7.187636 5.467365706555662e-08
1239.960059 1.549048 4.376857 5.46852206818361e-08
1241.960059 1.542405 7.611922 5.4727522357197234e-08
1243.960059 1.607038 3.186535 5.473469772607452e-08
1245.960059 1.610985 2.367842 5.473986545698559e-08
1247.960059 1.770492 0.350322 5.4742167032813446e-08
1249.960059 1.761469 0.918518 5.474505741369e-08
1251.960059 1.77416 2.554892 5.4750627572224697e-08
1253.96006 1.75683 2.369779 5.475579931774005e-08
1255.96006 1.739728 2.650536 5.4761587208581005e-08
1257.96006 1.824893 0.338796 5.4763878173673724e-08
1259.96006 1.886483 0.0 5.4765878173673726e-08
1261.96006 1.831613 0.467636 5.476829058340853e-08
1263.96006 1.894154 0.879011 5.4771135545141956e-08
1265.96006 1.915901 0.855689 5.4773954030527805e-08
1267.96006 2.128014 0.0 5.477595403052781e-08
1269.96006 2.06229 0.0 5.477795403052781e-08
1271.96006 1.883608 1.023983 5.478096924220034e-08
1273.960061 1.950052 0.067403 5.478302402381979e-08
1275.960061 1.832394 0.468334 5.47854371087226e-08
1277.960061 1.919236 0.489299 5.478787056116036e-08
1279.960061 1.77389 0.785467 5.479061080549678e-08
1281.960061 1.719794 2.866059 5.4796921039864026e-08
1283.960061 1.805649 0.736708 5.479960823842279e-08
1285.960061 1.875695 1.35309 5.480304872058102e-08
1287.960061 1.934113 0.030768 5.48050735436314e-08
1289.960061 1.778997 0.907944 5.480795169754015e-08
1291.960061 1.830977 1.405284 5.481146493023648e-08
1293.960061 1.941301 0.126599 5.481356905947313e-08
1295.960062 1.874628 1.072569 5.4816643578713525e-08
1297.960062 1.75797 3.077503 5.4823512055649434e-08
1299.960062 1.822002 1.14544 5.482667772051793e-08
1301.960062 1.879089 1.72406 5.483066989641577e-08
1303.960062 2.006848 0.515837 5.4833129377284314e-08
1305.960062 1.995759 0.138919 5.4835243924912706e-08
1307.960062 1.883829 0.826931 5.483803010171586e-08
1309.960062 1.926473 0.348567 5.4840330058739875e-08
1311.960062 1.969255 0.361647 5.4842642108128906e-08
1313.960062 2.008367 1.103427 5.484575489915509e-08
1315.960063 1.859657 2.139232 5.485047005583862e-08
1317.960063 1.81112 2.068936 5.485505418394788e-08
1319.960063 1.815895 2.001246 5.485951558329453e-08
1321.960063 1.767307 3.393296 5.486731108050237e-08
1323.960063 1.7804 2.442599 5.487263603606873e-08
1325.960063 1.850617 2.713695 5.4878572352964446e-08
1327.960063 1.823774 2.615913 5.488428045922502e-08
1329.960063 1.774455 3.768799 5.489334244609743e-08
1331.960063 1.930002 0.507003 5.4895793231825355e-08
1333.960063 1.872176 1.972854 5.4900204136875304e-08
1335.960063 1.8416 2.826449 5.490641495640711e-08
1337.960064 1.77167 2.714723 5.491235372036092e-08
1339.960064 1.720866 2.468814 5.4917734935265025e-08
1341.960064 1.725638 4.858478 5.49317614478574e-08
1343.960064 1.815271 3.876798 5.494122441559054e-08
1345.960064 1.834126 3.371402 5.4948951787421825e-08
1347.960064 1.964949 0.132237 5.495106067804008e-08
1349.960064 1.862972 1.963786 5.495545557665456e-08
1351.960064 1.934892 0.674302 5.495807637809901e-08
1353.960064 1.916786 1.095453 5.496117923392118e-08
1355.960064 2.027934 0.226298 5.496336916885319e-08
1357.960064 2.111831 0.020565 5.496538572635608e-08
1359.960065 2.102367 0.143924 5.496750452117686e-08
1361.960065 2.083928 1.432015 5.497105560648819e-08
1363.960065 2.059042 0.94401 5.49739756783562e-08
1365.960065 2.031778 0.703106 5.497662691957926e-08
1367.960065 1.732897 4.28081 5.4987753731033254e-08
1369.960065 1.687371 3.23184 5.499506061785224e-08
1371.960065 1.641807 3.82134 5.5004315511906207e-08
1373.960065 1.617794 2.961841 5.5010872770226495e-08
1375.960065 1.540921 5.408916 5.502836268169076e-08
1377.960065 1.538429 4.522677 5.5040622462211925e-08
1379.960066 1.569532 3.64793 5.504925579885203e-08
1381.960066 1.668884 4.509366 5.506145032949825e-08
1383.960066 1.518096 5.209269 5.5077594905975596e-08
1385.960066 1.612009 4.229358 5.5088494549994476e-08
1387.960066 1.657588 4.627779 5.510128194919156e-08
1389.960066 1.735476 4.416525 5.5113030934205305e-08
1391.960066 1.715186 5.061527 5.512824702144846e-08
1393.960066 1.692094 4.725026 5.51415428100279e-08
1395.960066 1.679484 4.010579 5.5151527170388805e-08
1397.960066 1.736952 4.705316 5.516471831105497e-08
1399.960066 1.625609 4.482567 5.5176782525820115e-08
1401.960067 1.602428 5.898142 5.519806233687461e-08
1403.960067 1.695696 4.853794 5.521206253446069e-08
1405.960067 1.681701 4.82878 5.5225923035360945e-08
1407.960067 1.700312 4.119238 5.523635194949939e-08
1409.960067 1.71472 3.742317 5.524531823560357e-08
1411.960067 1.696423 4.517954 5.525755482434206e-08
1413.960067 1.741004 5.127759 5.5273180355202875e-08
1415.960067 1.855926 3.095277 5.528009794988891e-08
1417.960067 1.82915 3.778284 5.528919446157509e-08
1419.960067 1.811685 4.387497 5.530080750966285e-08
1421.960068 2.047953 0.794384 5.5303557567617475e-08
1423.960068 1.88261 0.575485 5.530607657178512e-08
1425.960068 1.840375 2.946206 5.531259285648302e-08
1427.960068 1.835616 1.801868 5.531671152633753e-08
1429.960068 1.902203 1.695649 5.532065848856336e-08
1431.960068 1.847735 3.855275 5.533004015407778e-08
1433.960068 1.967053 1.130156 5.533318648071842e-08
1435.960068 2.087926 0.998227 5.5336170718160254e-08
1437.960068 2.027331 0.290786 5.533841800935917e-08
1439.960068 2.005882 0.097262 5.53404975359823e-08
1441.960068 1.987871 1.360442 5.5343948173834235e-08
1443.960069 1.895858 2.6855 5.5349817766812694e-08
1445.960069 1.999711 1.021331 5.5352829774392574e-08
1447.960069 2.117538 0.563034 5.5355336235768004e-08
1449.960069 2.15349 0.382724 5.5357667904599756e-08
1451.960069 2.360827 0.0 5.535966790459976e-08
1453.960069 2.342907 0.0 5.536166790459976e-08
1455.960069 2.407402 0.0 5.536366790459976e-08
1457.960069 2.363941 0.0 5.5365667904599765e-08
1459.960069 2.426087 0.0 5.536766790459977e-08
1461.960069 2.333089 0.003024 5.5369670330761e-08
1463.96007 2.439003 0.628738 5.537224369271977e-08
1465.96007 2.484297 0.051287 5.5374285241126806e-08
1467.96007 2.514598 0.0 5.537628524112681e-08
1469.96007 2.870133 0.0 5.537828524112681e-08
1471.96007 2.680183 0.0 5.538028524112681e-08
1473.96007 2.689869 0.0 5.5382285241126815e-08
1475.96007 2.625171 0.0 5.538428524112682e-08
1477.96007 2.528166 0.0 5.538628524112682e-08
1479.96007 2.547215 0.0 5.538828524112682e-08
1481.96007 2.478934 0.233115 5.539048116931297e-08
1483.96007 2.445925 0.049361 5.539252114194975e-08
1485.960071 2.290315 0.080251 5.539458653477576e-08
1487.960071 2.307439 0.115047 5.5396680941715045e-08
1489.960071 2.436668 0.026752 5.539870250733009e-08
1491.960071 2.544942 0.590071 5.54012362848858e-08
1493.960071 2.525494 0.20009 5.540340333064401e-08
1495.960071 2.571534 0.027179 5.540542524235578e-08
1497.960071 2.638595 0.0 5.540742524235578e-08
1499.960071 2.669114 0.0 5.540942524235578e-08
1501.960071 2.778847 0.239542 5.541162683594293e-08
1503.960071 2.699713 0.133038 5.5413736403892094e-08
1505.960072 2.683711 0.159367 5.541586835733049e-08
1507.960072 2.739669 0.421701 5.541823674741347e-08
1509.960072 2.808767 1.300816 5.542160587746241e-08
