1.96 0.656091 0.0 2e-12
3.96 0.545112 0.0 4e-12
5.96 0.601586 0.0 6e-12
7.96 0.63752 0.0 8e-12
9.96 0.631799 0.0 1e-11
11.960001 0.686319 0.230344 1.2193490049505279e-11
13.960001 0.644072 0.553042 1.4689930946426102e-11
15.960001 0.606238 1.014392 1.7693571067200533e-11
17.960001 0.609669 1.372882 2.1161461250145926e-11
19.960001 0.648176 1.06317 2.422441709252342e-11
21.960001 0.631946 2.572761 2.983462252971537e-11
23.960001 0.610027 1.820411 3.398402481075812e-11
25.960001 0.55998 0.929838 3.688755284710585e-11
27.960001 0.598566 1.063128 3.995045711546596e-11
29.960001 0.574987 1.944615 4.431170687126814e-11
31.960002 0.723581 0.538798 4.679393239027006e-11
33.960002 0.657043 3.867878 5.622312005711257e-11
35.960002 0.589596 1.9838 6.065342418149152e-11
37.960002 0.607259 2.75476 6.668828125855835e-11
39.960002 0.595179 1.162566 6.987575620629573e-11
41.960002 0.659636 3.117157 7.685429801412857e-11
43.960002 0.58816 2.621513 8.257523384981934e-11
45.960002 0.656796 4.054709 9.273781001483692e-11
47.960002 0.587337 3.574135 1.0111947068948806e-10
49.960002 0.526605 0.762178 1.0383424913633107e-10
51.960002 0.597699 3.508258 1.1199744267669031e-10
53.960003 0.598676 4.079278 1.2226061387108923e-10
55.960003 0.567248 3.451877 1.3024135970885403e-10
57.960003 0.628765 4.484498 1.4231491763950526e-10
59.960003 0.654573 3.540939 1.505857696508662e-10
61.960003 0.677877 3.050607 1.5738058291244886e-10
63.960003 0.789254 0.059827 1.5942913305683728e-10
65.960003 0.694122 3.631572 1.6800603708033617e-10
67.960003 0.70152 2.951808 1.745369730568311e-10
69.960003 0.721113 1.305344 1.779122246788024e-10
71.960003 0.718787 1.878651 1.821596507541265e-10
73.960004 0.709413 2.007639 1.8663249935146003e-10
75.960004 0.680242 4.222318 1.9750142367987357e-10
77.960004 0.713379 2.116513 2.021738286418446e-10
79.960004 0.706811 2.267688 2.0713817266731718e-10
81.960004 0.70022 3.914716 2.167460918446153e-10
83.960004 0.783094 0.076458 2.188083463310169e-10
85.960004 0.706856 2.876273 2.2514447328438446e-10
87.960004 0.659924 4.919659 2.3951928143169177e-10
89.960004 0.682557 4.751582 2.529573799605977e-10
91.960004 0.631081 6.56979 2.8081280552403683e-10
93.960004 0.725302 2.192316 2.856293845975606e-10
95.960005 0.749472 0.43617 2.880115530100183e-10
97.960005 0.715289 2.28469 2.9300985076167727e-10
99.960005 0.680818 4.226701 3.0389789052796484e-10
101.960005 0.661784 6.935245 3.361486486438305e-10
103.960005 0.603528 5.152063 3.519271735957548e-10
105.960005 0.628238 6.520796 3.7924079910265433e-10
107.960005 0.773835 1.739211 3.832572978925695e-10
109.960005 0.635039 7.269542 4.2013340553528336e-10
111.960005 0.598101 6.090843 4.431223663191504e-10
113.960005 0.614006 7.428218 4.82420550381239e-10
115.960006 0.651804 5.257736 4.988818965087532e-10
117.960006 0.810333 0.01696 5.008955416408106e-10
119.960006 0.624245 7.961347 5.495582954129377e-10
121.960006 0.688131 4.565001 5.620278751029755e-10
123.960006 0.780961 0.07887 5.640921247329301e-10
125.960006 0.714902 1.248021 5.673906933890211e-10
127.960006 0.692391 3.468378 5.754244099180542e-10
129.960006 0.6625 2.843379 5.816775279680248e-10
131.960006 0.54559 6.822176 6.124989909499965e-10
133.960006 0.54281 4.165863 6.231246791454141e-10
135.960006 0.574031 6.555745 6.508236984941442e-10
137.960007 0.677053 6.042373 6.733702500487923e-10
139.960007 0.708248 2.382438 6.78568309368861e-10
141.960007 0.623345 9.460908 7.67342836234855e-10
143.960007 0.703128 4.172022 7.779947937092505e-10
145.960007 0.73456 1.113558 7.811202533503985e-10
147.960007 0.710515 2.165075 7.858845161267684e-10
149.960007 0.752598 1.603363 7.896881163359468e-10
151.960007 0.734461 2.83304 7.959153689385733e-10
153.960007 0.790895 0.870272 7.987503806921644e-10
155.960007 0.685201 6.601017 8.269567245328655e-10
157.960008 0.858921 0.070659 8.290141901253341e-10
159.960008 0.799133 0.579269 8.315370186115965e-10
161.960008 0.887633 0.053824 8.335806445405814e-10
163.960008 0.711827 3.598106 8.420432426267034e-10
165.960008 0.619743 7.406732 8.810043695708661e-10
167.960008 0.683825 5.170647 8.969008910006952e-10
169.960008 0.705009 4.899521 9.11160111605297e-10
171.960008 0.714676 2.034182 9.156808112639819e-10
173.960008 0.650585 5.547945 9.341732521639248e-10
175.960008 0.739893 2.189458 9.389843155870783e-10
177.960008 0.70827 2.453968 9.443335972800704e-10
179.960009 0.556587 2.637011 9.500901894932588e-10
181.960009 0.614736 3.688866 9.588663817341844e-10
183.960009 0.639751 3.569041 9.672309426407675e-10
185.960009 0.605962 5.121752 9.828188885353197e-10
187.960009 0.648907 7.679603 1.0262840850673668e-09
189.960009 0.721301 3.929843 1.0359504488328366e-09
191.960009 0.740647 5.388573 1.0532982984604204e-09
193.960009 0.745922 4.429577 1.0651089229246542e-09
195.960009 0.772001 2.827663 1.0713227660115042e-09
197.960009 0.738968 4.700822 1.0844901618598926e-09
199.960009 0.730831 2.78762 1.0906050471174163e-09
201.96001 0.758015 4.165596 1.1012295979744986e-09
203.96001 0.70785 5.822685 1.1218753065267838e-09
205.96001 0.687468 6.609361 1.1501761635270335e-09
207.96001 0.736219 5.153085 1.1659611547047206e-09
209.96001 0.735236 4.737849 1.1793254708228154e-09
211.96001 0.786231 4.495084 1.1914503779501251e-09
213.96001 0.814516 1.448532 1.1950250558484552e-09
215.96001 0.772134 4.278776 1.206142797679971e-09
217.96001 0.742318 6.361096 1.2317624747573032e-09
219.96001 0.82186 3.531563 1.2400022957194863e-09
221.960011 0.824716 3.778384 1.2490991720992992e-09
223.960011 0.882515 1.54373 1.2528129167302542e-09
225.960011 0.779661 6.697267 1.2821289417343554e-09
227.960011 0.7865 5.216071 1.2983176041579189e-09
229.960011 0.685107 5.984855 1.3203501939277194e-09
231.960011 0.640811 6.015687 1.3426568140786523e-09
233.960011 0.718435 8.978601 1.4158234169825983e-09
235.960011 0.70508 9.872301 1.5205162271462796e-09
237.960011 0.687964 9.293842 1.6035395588665404e-09
239.960011 0.622975 5.866832 1.6245539261404231e-09
241.960011 0.79909 4.537017 1.6368843913618815e-09
243.960012 0.737365 7.322655 1.674554137109117e-09
245.960012 0.69426 9.252725 1.756220119590089e-09
247.960012 0.753455 7.13761 1.7911964400264845e-09
249.960012 0.816815 4.896148 1.8054363914563592e-09
251.960012 0.817798 5.97869 1.827414592782469e-09
253.960012 0.76321 6.527394 1.8548005636651203e-09
255.960012 0.729324 8.970453 1.927728550677037e-09
257.960012 0.771956 6.441341 1.954185835655435e-09
259.960012 0.615835 7.916112 2.0019740410468257e-09
261.960012 0.615084 9.387513 2.088174466678511e-09
263.960013 0.604495 8.260316 2.1430338341636997e-09
265.960013 0.644153 11.412926 2.3371931712660977e-09
267.960013 0.758192 7.610483 2.379470449556418e-09
269.960013 0.791324 5.940674 2.4011162226965494e-09
271.960013 0.760202 8.483581 2.461112448300484e-09
273.960013 0.885249 1.375865 2.4645844882426276e-09
275.960013 0.765787 8.320323 2.520779625920964e-09
277.960013 0.597134 5.863272 2.541764022209171e-09
279.960013 0.602486 8.361886 2.598903380667099e-09
281.960013 0.690334 9.815187 2.7012262287592346e-09
283.960013 0.807547 4.515642 2.7134514806704972e-09
285.960014 0.871725 1.591939 2.717237700330255e-09
287.960014 0.909392 0.660106 2.719843628402673e-09
289.960014 0.864031 3.569404 2.7282094066887084e-09
291.960014 0.973348 0.006965 2.7302149991398084e-09
293.960014 0.884302 2.191315 2.735029645665623e-09
295.960014 0.819848 7.134195 2.7699581127728487e-09
297.960014 0.89242 1.346792 2.7733899189540145e-09
299.960014 0.9937 0.002939 2.7753922768793942e-09
301.960014 1.040449 0.918861 2.7782830552436027e-09
303.960014 0.89813 1.602961 2.782086042495071e-09
305.960015 0.940326 0.795535 2.784837369742937e-09
307.960015 1.026441 1.158901 2.7880201646855323e-09
309.960015 0.881077 3.536564 2.7962765225691204e-09
311.960015 1.034739 1.234909 2.79955779712058e-09
313.960015 1.074389 0.60007 2.802101752159855e-09
315.960015 1.055783 0.982185 2.805066858469397e-09
317.960015 1.00441 1.339032 2.808488004736927e-09
319.960015 0.996428 1.105276 2.8116031040641437e-09
321.960015 0.891674 3.753809 2.8206107952489356e-09
323.960015 0.901462 3.040412 2.8273778930490346e-09
325.960015 0.973518 2.573867 2.8329905866259895e-09
327.960016 0.884139 3.888607 2.842498461305531e-09
329.960016 0.930487 3.268182 2.8499125872907584e-09
331.960016 0.996705 2.858586 2.85620394458493e-09
333.960016 1.099659 1.196444 2.859435007012443e-09
335.960016 1.012528 2.129527 2.8641318535563434e-09
337.960016 1.120259 0.292969 2.8663811124047426e-09
339.960016 1.191792 0.0 2.868381112404743e-09
341.960016 1.110357 0.563556 2.8708880983720403e-09
343.960016 1.165166 1.050879 2.8739359984441085e-09
345.960016 1.181106 1.095556 2.8770389823967333e-09
347.960017 1.08943 0.979012 2.8800003192497916e-09
349.960017 1.05238 1.932104 2.884339748798312e-09
351.960017 0.959359 3.814752 2.893570231252821e-09
353.960017 1.087691 1.273644 2.8969028589677937e-09
355.960017 1.11009 0.813092 2.8996736204077163e-09
357.960017 1.120773 0.930726 2.9025781823020584e-09
359.960017 1.121537 0.726871 2.9052548041426305e-09
361.960017 1.05153 1.998379 2.9097110784898794e-09
363.960017 1.36641 0.0 2.9117110784898796e-09
365.960017 1.392707 0.0 2.9137110784898798e-09
367.960017 1.415721 0.0 2.91571107848988e-09
369.960018 1.436163 0.0 2.91771107848988e-09
371.960018 1.431778 0.860993 2.9205355635230565e-09
373.960018 1.407624 1.17018 2.923732783143529e-09
375.960018 1.435197 0.375562 2.9260577666517345e-09
377.960018 1.484186 0.528458 2.928529723682287e-09
379.960018 1.436131 0.812194 2.9312994877853037e-09
381.960018 1.349439 0.272585 2.9335304403537783e-09
383.960018 1.407536 0.444413 2.9359204941013433e-09
385.960018 1.47147 2.331663 2.941013810909762e-09
387.960018 1.525266 0.643339 2.9436022806187384e-09
389.960019 1.518493 0.206152 2.9457745993608728e-09
391.960019 1.509306 1.285 2.949122434153425e-09
393.960019 1.350843 0.117679 2.9512190522553966e-09
395.960019 1.481858 1.993995 2.95566750122221e-09
397.960019 1.493001 2.26033 2.960617222605756e-09
399.960019 1.382321 0.064255 2.9626694126073388e-09
401.960019 1.420101 0.878678 2.9655139945571103e-09
403.960019 1.46688 1.814844 2.96965414630414e-09
405.960019 1.457986 1.614055 2.973474085666369e-09
407.960019 1.364948 0.720564 2.9761439481482363e-09
409.960019 1.580741 0.153166 2.978270608069577e-09
411.96002 1.767746 0.0 2.9802706080695773e-09
413.96002 1.720612 0.015555 2.9822831192839064e-09
415.96002 1.75723 0.0 2.9842831192839066e-09
417.96002 1.84316 0.0 2.986283119283907e-09
419.96002 1.787556 0.0 2.988283119283907e-09
421.96002 1.700816 0.19014 2.9904415378427346e-09
423.96002 1.810131 1.438013 2.994001172530237e-09
425.96002 1.873714 0.074607 2.9960618972255116e-09
427.96002 1.782575 1.454067 2.999644516231378e-09
429.96002 1.85228 0.322375 3.0019204487309855e-09
431.960021 1.730783 0.475252 3.0043402355677837e-09
433.960021 1.693578 0.134274 3.00645084911361e-09
435.960021 1.703798 0.107022 3.008538528575234e-09
437.960021 1.557003 1.652779 3.012418234295527e-09
439.960021 1.708022 0.156733 3.0145479375977927e-09
441.960021 1.636482 1.004294 3.0175394424592744e-09
443.960021 1.626409 1.17637 3.020744606216274e-09
445.960021 1.440591 2.444671 3.026073986960425e-09
447.960021 1.586881 0.822915 3.0288556814999266e-09
449.960021 1.511161 1.224451 3.0321232274692523e-09
451.960021 1.462778 2.774029 3.038204884920046e-09
453.960022 1.465708 2.680982 3.0440638559168824e-09
455.960022 1.381344 0.773162 3.0467906154469178e-09
457.960022 1.405001 0.723308 3.0494634166371943e-09
459.960022 1.314274 0.151177 3.051588381423581e-09
461.960022 1.304359 1.701077 3.0555439420965907e-09
463.960022 1.425515 2.157258 3.060293297535856e-09
465.960022 1.34567 1.535161 3.063994305933604e-09
467.960022 1.447664 2.324755 3.069073536460377e-09
469.960022 1.459008 2.907361 3.0754891274197393e-09
471.960022 1.495361 2.330863 3.080580810929418e-09
473.960023 1.482923 3.060687 3.0874031386178666e-09
475.960023 1.479731 4.062327 3.0975967999163257e-09
477.960023 1.532201 2.517042 3.1030830729065115e-09
479.960023 1.528717 2.135504 3.1077911876532805e-09
481.960023 1.611101 1.053957 3.1108428511386737e-09
483.960023 1.733253 1.783421 3.1149311735303475e-09
485.960023 1.80353 1.751197 3.1189670191753125e-09
487.960023 1.802119 1.856621 3.123177097152997e-09
489.960023 1.81264 1.157158 3.1263576687912866e-09
491.960023 1.888006 0.073869 3.128417783870102e-09
493.960023 1.82913 0.604893 3.13096666260531e-09
495.960024 1.749213 2.88261 3.137318907291818e-09
497.960024 1.650734 1.57013 3.1410721668205565e-09
499.960024 1.424434 3.320621 3.148643811493377e-09
501.960024 1.374077 0.619527 3.1512076881618986e-09
503.960024 1.373675 1.983321 3.155637141595065e-09
505.960024 1.469794 3.58312 3.1640490487735395e-09
507.960024 1.543535 1.386413 3.167535802284233e-09
509.960024 1.504565 1.023236 3.1705501111018425e-09
511.960024 1.645351 1.36437 3.174006187182316e-09
513.960024 1.558418 1.510105 3.1776702045050083e-09
515.960025 1.585479 0.608545 3.180222817826544e-09
517.960025 1.552057 0.249953 3.1824336197430865e-09
519.960025 1.534543 1.421257 3.185969422321401e-09
521.960025 1.605082 0.444035 3.188359113900067e-09
523.960025 1.620583 0.935085 3.191268756120971e-09
525.960025 1.609843 0.835296 3.194064292316123e-09
527.960025 1.597523 0.379687 3.1963931239352115e-09
529.960025 1.543201 0.926817 3.199293137513443e-09
531.960025 1.648219 1.705182 3.203255213318441e-09
533.960025 1.579372 1.546039 3.206972397340711e-09
535.960025 1.563762 1.258818 3.210285275135881e-09
537.960026 1.618162 1.876582 3.2145291795237885e-09
539.960026 1.596437 1.499315 3.2181773812870166e-09
541.960026 1.64388 1.993149 3.22262432173783e-09
543.960026 1.514938 3.714038 3.231489528664082e-09
545.960026 1.649961 1.577795 3.235254339544417e-09
547.960026 1.59309 1.90604 3.239548661334237e-09
549.960026 1.562171 3.059927 3.2463689106443854e-09
551.960026 1.684336 2.463536 3.251738750980422e-09
553.960026 1.500913 3.972924 3.261573517566736e-09
555.960026 1.525438 3.792296 3.270721272896658e-09
557.960027 1.630333 2.936957 3.2772134399722317e-09
559.960027 1.683606 2.321112 3.2822852576597714e-09
561.960027 1.505253 3.923392 3.291926654026832e-09
563.960027 1.579585 3.485148 3.3000145650174982e-09
565.960027 1.748763 1.979451 3.3044371514224067e-09
567.960027 1.779375 0.135217 3.3065485630494742e-09
569.960027 1.676554 3.759155 3.3155755807035246e-09
571.960027 1.642931 3.337045 3.323197245452284e-09
573.960027 1.561842 4.528298 3.335484684580679e-09
575.960027 1.501804 3.846329 3.3448327628130926e-09
577.960027 1.514606 4.159094 3.355429654686246e-09
579.960028 1.630333 2.109513 3.3600889656023095e-09
581.960028 1.532242 4.018095 3.370103456445885e-09
583.960028 1.626374 3.958563 3.3798817626622098e-09
585.960028 1.683442 1.874571 3.3841222468840317e-09
587.960028 1.803459 0.009522 3.386129896365144e-09
589.960028 1.891526 0.0 3.388129896365144e-09
591.960028 1.995693 0.003185 3.3901324517794856e-09
593.960028 1.902749 1.411845 3.393654937694922e-09
595.960028 1.965833 0.110035 3.3957451404622482e-09
597.960028 2.018392 0.0 3.3977451404622484e-09
599.960028 2.112436 0.0 3.3997451404622486e-09
601.960029 2.003688 0.0 3.401745140462249e-09
603.960029 2.020201 0.016972 3.4037587952817637e-09
605.960029 2.020099 0.007835 3.405765087385174e-09
607.960029 1.977427 0.01116 3.4077740556967984e-09
609.960029 2.019488 0.004955 3.4097780326426794e-09
611.960029 2.064926 0.538614 3.412260075061981e-09
613.960029 2.286057 0.0 3.4142600750619812e-09
615.960029 2.248603 0.0 3.4162600750619814e-09
617.960029 2.363513 0.0 3.4182600750619816e-09
619.960029 2.408623 0.0 3.420260075061982e-09
621.96003 2.307194 0.011211 3.422269084449999e-09
623.96003 2.166617 0.053956 3.424312818530203e-09
625.96003 2.178625 0.041828 3.426346639663503e-09
627.96003 2.488446 0.010964 3.4283554501207292e-09
629.96003 2.467221 0.06849 3.4304111273821572e-09
631.96003 2.360021 0.447572 3.432804209973857e-09
633.96003 2.469106 0.649426 3.435399004107142e-09
635.96003 2.625879 0.0 3.4373990041071422e-09
637.96003 2.893651 0.0 3.4393990041071424e-09
639.96003 2.833899 0.0 3.4413990041071426e-09
