1.96 0.659716 0.0 2e-12
3.96 0.748812 0.0 4e-12
5.96 0.726258 0.0 6e-12
7.96 0.67156 0.0 8e-12
9.96 0.76596 0.0 1e-11
11.960001 0.832608 0.632365 1.2577106587938098e-11
13.960001 0.626807 0.005014 1.458113093557857e-11
15.960001 0.639522 0.025084 1.6601345152599488e-11
17.960001 0.632529 0.024531 1.8621111533616592e-11
19.960001 0.683578 0.172193 2.0764055804855805e-11
21.960001 0.694427 1.532324 2.4460857158699663e-11
23.960001 0.712298 1.37258 2.792832749510251e-11
25.960001 0.694731 1.519329 3.160591934328644e-11
27.960001 0.697735 1.369309 3.5068845524425006e-11
29.960001 0.747155 1.153076 3.8244216394957817e-11
31.960002 0.670531 1.431087 4.179398079731544e-11
33.960002 0.707701 2.276177 4.6775248791921085e-11
35.960002 0.725474 2.240405 5.168558885816832e-11
37.960002 0.691732 1.625766 5.552350512669064e-11
39.960002 0.720097 1.213164 5.877629869896246e-11
41.960002 0.655997 2.153347 6.351821321797719e-11
43.960002 0.647282 1.816676 6.766140687120428e-11
45.960002 0.654208 1.884942 7.191955894896382e-11
47.960002 0.657498 1.587518 7.569907380458277e-11
49.960002 0.724808 2.345058 8.081981611833183e-11
51.960002 0.679171 3.117787 8.780012073278589e-11
53.960003 0.665182 3.010323 9.448607797229269e-11
55.960003 0.711557 3.871036 1.03927211183612e-10
57.960003 0.713741 4.146559 1.1447098323082359e-10
59.960003 0.75609 3.902923 1.2403358427772107e-10
61.960003 0.722585 5.184966 1.400216237101976e-10
63.960003 0.676553 3.843809 1.4936026246178198e-10
65.960003 0.696593 3.472082 1.5740591762292298e-10
67.960003 0.680144 3.905207 1.6697727890126967e-10
69.960003 0.711942 5.131264 1.8262478191247304e-10
71.960003 0.629089 2.676134 1.8847237646428438e-10
73.960004 0.675881 5.032012 2.0350947590152375e-10
75.960004 0.655662 2.082283 2.081181990463087e-10
77.960004 0.633181 3.442125 2.160678038470184e-10
79.960004 0.658258 3.584007 2.24482702876108e-10
81.960004 0.638557 3.570564 2.3285237259840197e-10
83.960004 0.649854 3.911403 2.4244753893353385e-10
85.960004 0.655955 2.765408 2.4850821307907585e-10
87.960004 0.639249 3.609152 2.570083702777953e-10
89.960004 0.671747 4.834835 2.70902558376605e-10
91.960004 0.677424 4.851646 2.8489070488041044e-10
93.960004 0.682699 7.283038 3.2196687708813656e-10
95.960005 0.729366 6.600608 3.501685962764895e-10
97.960005 0.701902 7.194921 3.859578511468178e-10
99.960005 0.712652 7.534231 4.269622667200326e-10
101.960005 0.714637 6.849758 4.581264398687076e-10
103.960005 0.747057 5.73989 4.780981007262531e-10
105.960005 0.646424 5.16609 4.939656067223478e-10
107.960005 0.667078 6.768694 5.241332502040024e-10
109.960005 0.659474 6.041384 5.466708638705026e-10
111.960005 0.586057 1.799166 5.507850745787891e-10
113.960005 0.676827 9.087733 6.272239151270841e-10
115.960006 0.788307 0.776266 6.299540699980958e-10
117.960006 0.795231 1.182437 6.331670391896509e-10
119.960006 0.658606 8.838108 7.023264624517223e-10
121.960006 0.639168 7.231868 7.386497856939811e-10
123.960006 0.677982 8.185466 7.918873903463434e-10
125.960006 0.72869 8.033459 8.419775310761268e-10
127.960006 0.782403 2.234375 8.468760148573063e-10
129.960006 0.662563 8.156164 8.99491875020692e-10
131.960006 0.673873 8.166698 9.523304104359475e-10
133.960006 0.602448 4.486798 9.644151063853078e-10
135.960006 0.676385 9.942705 1.0721050238650408e-09
137.960007 0.629469 5.707868 1.0918219298483461e-09
139.960007 0.628238 4.046073 1.101949381570796e-09
141.960007 0.612468 4.385377 1.113552563635361e-09
143.960007 0.734132 8.252843 1.1682478192621733e-09
145.960007 0.677 10.9846 1.3317718372641772e-09
147.960007 0.669864 9.593696 1.4254004009760756e-09
149.960007 0.636859 4.894937 1.439633440595444e-09
151.960007 0.651556 7.23287 1.4759713581999817e-09
153.960007 0.735942 6.98069 1.5088150865546842e-09
155.960007 0.638606 7.046043 1.5425307102721138e-09
157.960008 0.718435 10.317659 1.6676888400805368e-09
159.960008 0.78783 2.198374 1.6725171313963557e-09
161.960008 0.819977 4.585734 1.685090790476424e-09
163.960008 0.797386 6.582744 1.7130912556070253e-09
165.960008 0.695731 11.430846 1.9086505083206228e-09
167.960008 0.630459 5.699048 1.928297818294992e-09
169.960008 0.667064 8.52672 1.9893406891774227e-09
171.960008 0.645326 8.411931 2.047638037210825e-09
173.960008 0.648061 9.031901 2.1223849164713148e-09
175.960008 0.673493 8.87434 2.192556260003832e-09
177.960008 0.588544 1.886589 2.1968172246477623e-09
179.960009 0.658578 8.615817 2.2600799379385895e-09
181.960009 0.646998 8.264805 2.315038123375361e-09
183.960009 0.770768 7.975326 2.3639743630242878e-09
185.960009 0.697152 11.53728 2.5680587654651167e-09
187.960009 0.641549 7.555329 2.6094114818686915e-09
189.960009 0.654158 11.067591 2.7784677529546725e-09
191.960009 0.657835 10.667655 2.922479393097346e-09
193.960009 0.604147 8.402876 2.9805654925537362e-09
195.960009 0.614564 6.765321 3.0106923690391103e-09
197.960009 0.640452 10.350552 3.1375118973844827e-09
199.960009 0.652984 11.948833 3.378206395445165e-09
201.96001 0.828198 3.222916 3.385487187109319e-09
203.96001 0.766391 7.632501 3.428139306919796e-09
205.96001 0.815724 5.063899 3.4433698708364714e-09
207.96001 0.84983 2.912715 3.449799247400104e-09
209.96001 0.858686 1.244659 3.4530933730677888e-09
211.96001 0.781248 5.446999 3.470852365467999e-09
213.96001 0.782926 7.214903 3.506929477420379e-09
215.96001 0.743974 7.446998 3.5465246561153596e-09
217.96001 0.780967 2.932314 3.5530047498121674e-09
219.96001 0.717826 10.498013 3.6875476779006786e-09
221.960011 0.768953 7.670106 3.730847698727666e-09
223.960011 0.708685 6.960757 3.7634300090278435e-09
225.960011 0.753231 7.470724 3.8034036116206566e-09
227.960011 0.829183 3.568575 3.811766609980239e-09
229.960011 0.833827 3.981803 3.821636447385346e-09
231.960011 0.921667 0.923037 3.824532069519128e-09
233.960011 0.780227 6.866956 3.8559118562901005e-09
235.960011 0.852662 4.113431 3.866316519404954e-09
237.960011 0.746501 10.412746 3.996337926110263e-09
239.960011 0.756477 10.768889 4.146314579655658e-09
241.960011 0.749013 12.911967 4.500441895054921e-09
243.960012 0.618801 8.501365 4.560867407025411e-09
245.960012 0.656623 13.013434 4.929697253250878e-09
247.960012 0.577426 4.599184 4.942338895278038e-09
249.960012 0.669 12.914109 5.296770446236672e-09
251.960012 0.667247 12.728084 5.625730508732863e-09
253.960012 0.637464 6.398267 5.651734832914606e-09
255.960012 0.61072 5.059451 5.666938261308877e-09
257.960012 0.59956 2.92247 5.673392831472958e-09
259.960012 0.651203 10.389832 5.802225278609012e-09
261.960012 0.653269 12.987202 6.167196607985693e-09
263.960013 0.603369 5.022195 6.1821746420287985e-09
265.960013 0.669542 12.715889 6.509530320397464e-09
267.960013 0.71908 12.459573 6.8049178568357054e-09
269.960013 0.652656 13.643714 7.279777672198827e-09
271.960013 0.64114 13.69471 7.764445775296376e-09
273.960013 0.561487 2.819974 7.770640493203122e-09
275.960013 0.690771 15.619396 8.819109318255272e-09
277.960013 0.822512 6.584505 8.847129558659837e-09
279.960013 0.824048 2.169858 8.851902965876662e-09
281.960013 0.785345 7.107764 8.886463271147844e-09
283.960013 0.775544 6.809577 8.917129446250057e-09
285.960014 0.715959 5.18124 8.933093620853724e-09
287.960014 0.778089 6.519489 8.960392938135872e-09
289.960014 0.680295 15.907051 1.0137022436778462e-08
291.960014 0.68666 10.515934 1.0272535492271372e-08
293.960014 0.792904 9.883846 1.03777139943082e-08
295.960014 0.880693 0.95336 1.0380645032573414e-08
297.960014 0.767034 9.753186 1.0480455823457611e-08
299.960014 0.579598 6.669195 1.0509443767155051e-08
301.960014 0.678976 14.498977 1.1178522212623001e-08
303.960014 0.571885 4.616447 1.1191251649303124e-08
305.960015 0.518848 2.41561 1.1196519298890377e-08
307.960015 0.539023 1.704245 1.1200479886618407e-08
309.960015 0.553894 1.126444 1.1203621534472248e-08
311.960015 0.591638 9.318131 1.1287457267483728e-08
313.960015 0.573162 2.302615 1.1292491613743391e-08
315.960015 0.533975 1.657715 1.1296379004542187e-08
317.960015 0.594977 5.778138 1.1316659269349357e-08
319.960015 0.599863 7.909499 1.1364320946269032e-08
321.960015 0.627237 12.253299 1.1636263625244453e-08
323.960015 0.55979 2.158883 1.1641016075779581e-08
325.960015 0.592044 11.373021 1.183209392227412e-08
327.960016 0.565113 6.420998 1.1858336307908673e-08
329.960016 0.577774 5.35727 1.1875467809011867e-08
331.960016 0.589811 12.438252 1.2168341205033202e-08
333.960016 0.586685 10.704009 1.2314467127948264e-08
335.960016 0.603971 14.313258 1.293553793751326e-08
337.960016 0.576139 8.428592 1.299422598760923e-08
339.960016 0.589445 8.89962 1.3065112130393709e-08
341.960016 0.549067 6.225002 1.308937141792533e-08
343.960016 0.59637 10.641757 1.3231895562128077e-08
345.960016 0.516199 5.036308 1.324695858228069e-08
347.960017 0.544712 7.808872 1.3292735752447498e-08
349.960017 0.577254 13.043909 1.3666099479476693e-08
351.960017 0.545899 9.383721 1.3752168959102305e-08
353.960017 0.57498 9.025338 1.3826719425991696e-08
355.960017 0.556927 15.118266 1.468435489774962e-08
357.960017 0.556706 10.255448 1.4806430079179512e-08
359.960017 0.553372 8.776414 1.487389992104432e-08
361.960017 0.553452 11.049508 1.5041735030705634e-08
363.960017 0.55845 13.132997 1.5428674846116392e-08
365.960017 0.540622 8.615473 1.5491928835301843e-08
367.960017 0.521681 7.448636 1.5531550024179527e-08
369.960018 0.533286 7.08091 1.5565740249598896e-08
371.960018 0.604813 14.169993 1.615214428551327e-08
373.960018 0.574415 7.021935 1.6185535614481462e-08
375.960018 0.515509 9.214842 1.6265970658398914e-08
377.960018 0.600283 15.426176 1.7236287536334858e-08
379.960018 0.580819 11.399857 1.7429432242752117e-08
381.960018 0.57132 10.518923 1.7565107782723847e-08
383.960018 0.578556 10.557654 1.7702906474229686e-08
385.960018 0.583759 14.216678 1.8300389226832356e-08
387.960018 0.609411 13.853425 1.8816899112105485e-08
389.960019 0.58798 15.100251 1.966836275005054e-08
391.960019 0.777175 6.559743 1.9696106201809538e-08
393.960019 0.772288 6.212266 1.972024193801512e-08
395.960019 0.776533 5.695675 1.9739862697628898e-08
397.960019 0.726597 8.922906 1.981141369947889e-08
399.960019 0.768841 3.640129 1.9820020077688824e-08
401.960019 0.803313 2.350734 1.9825152485791784e-08
403.960019 0.707929 8.624709 1.9888641125072265e-08
405.960019 0.786968 3.157179 1.989573254165059e-08
407.960019 0.862271 0.405294 1.9898085404307895e-08
409.960019 0.837977 2.463837 1.9903455892679234e-08
411.96002 0.886763 0.248548 1.990566544965572e-08
413.96002 0.8145 3.508869 1.9913830643053753e-08
415.96002 0.841633 1.569501 1.9917582956238396e-08
417.96002 0.824651 3.077508 1.992445144694245e-08
419.96002 0.850101 1.866858 1.9928678838980724e-08
421.96002 0.706294 11.527752 2.0131985156589598e-08
423.96002 0.743128 8.011444 2.0181635147624586e-08
425.96002 0.814204 5.603665 2.0200545332054373e-08
427.96002 0.707431 10.412005 2.033052811868103e-08
429.96002 0.726755 6.640318 2.0359182403579236e-08
431.960021 0.739199 5.047885 2.0374315498379144e-08
433.960021 0.827729 2.740985 2.0380317119778098e-08
435.960021 0.783335 4.122322 2.0390758936199506e-08
437.960021 0.738026 7.484347 2.043095145461068e-08
439.960021 0.692714 5.456458 2.0448777920297127e-08
441.960021 0.793193 3.868059 2.0458207792211446e-08
443.960021 0.849893 1.716437 2.0462187786161846e-08
445.960021 0.962131 0.009274 2.0464195236042023e-08
447.960021 0.985221 0.004166 2.0466198579197542e-08
449.960021 0.79809 7.629617 2.0508801412344024e-08
451.960021 0.802612 9.092931 2.058539971134826e-08
453.960022 0.648263 16.970448 2.2387545808743897e-08
455.960022 0.745719 11.933036 2.2626720771218835e-08
457.960022 0.681062 16.614519 2.4189215126862462e-08
459.960022 0.776021 12.676779 2.4511478059725935e-08
461.960022 0.75243 12.673397 2.4833304341889396e-08
463.960022 0.693304 13.258522 2.5240214787888824e-08
465.960022 0.672952 18.320317 2.833633985118897e-08
467.960022 0.700584 14.130646 2.8913566220494866e-08
469.960022 0.644381 18.211994 3.18781119381493e-08
471.960022 0.730097 11.360309 3.2068218463979274e-08
473.960023 0.752089 10.323808 3.2193685512039264e-08
475.960023 0.712089 12.459389 3.248905125941403e-08
477.960023 0.655684 18.694626 3.608646354584517e-08
479.960023 0.759314 10.881278 3.6243352345927834e-08
481.960023 0.705675 12.078584 3.6496898705620035e-08
483.960023 0.844987 2.316834 3.650196183216981e-08
485.960023 0.714662 10.94617 3.666298576238512e-08
487.960023 0.777137 7.259798 3.669971809649518e-08
489.960023 0.835232 3.311021 3.670726065606671e-08
491.960023 0.791267 6.689002 3.673647970307281e-08
493.960023 0.917686 0.09287 3.6738555571313416e-08
495.960024 0.906742 0.075143 3.674061673887844e-08
497.960024 0.770026 5.092832 3.6756024997820663e-08
499.960024 0.801915 7.024983 3.678945715483841e-08
501.960024 0.777703 10.031345 3.690104280261707e-08
503.960024 0.85659 2.925688 3.690750570533511e-08
505.960024 0.872261 1.612002 3.691132250193676e-08
507.960024 0.862899 2.27259 3.69162966117344e-08
509.960024 0.871774 2.820392 3.6922492367835826e-08
511.960024 0.910729 1.145292 3.692565784487717e-08
513.960024 0.887624 1.404407 3.692916984255132e-08
515.960025 0.850242 3.784191 3.6938287921786164e-08
517.960025 0.943997 0.044837 3.6940324197863034e-08
519.960025 0.872414 2.997526 3.694697594118713e-08
521.960025 0.848589 4.701627 3.696014758724609e-08
523.960025 0.628494 10.461732 3.709274770652233e-08
525.960025 0.695451 5.807897 3.711327137651364e-08
527.960025 0.71957 8.253476 3.7167980514173264e-08
529.960025 0.700415 9.826076 3.7270751027643986e-08
531.960025 0.734103 12.38278 3.755718305558301e-08
533.960025 0.674234 16.005834 3.8781345482881554e-08
535.960025 0.693316 14.93693 3.957884411528334e-08
537.960026 0.711808 12.998846 3.9945523176255535e-08
539.960026 0.7623 11.926409 4.018406353812087e-08
541.960026 0.687005 11.707242 4.040253879140165e-08
543.960026 0.715791 16.209641 4.1730924842073385e-08
545.960026 0.810392 10.961148 4.189291859738706e-08
547.960026 0.85708 5.422489 4.1910503940010716e-08
549.960026 0.810437 11.021043 4.207643462892659e-08
551.960026 0.846578 8.543766 4.213789608786262e-08
553.960026 0.9469 0.093028 4.213997208760003e-08
555.960026 0.869386 4.401788 4.215165186215745e-08
557.960027 0.937353 0.366762 4.215396865760081e-08
559.960027 0.98472 0.170446 4.2156110101509215e-08
561.960027 0.915183 2.020738 4.21606065010212e-08
563.960027 0.97355 0.891168 4.216346536247964e-08
565.960027 1.026105 0.801446 4.216622321746214e-08
567.960027 1.026691 0.660961 4.216883003893789e-08
569.960027 0.859901 3.280042 4.2176279501309647e-08
571.960027 0.969073 1.035193 4.217930829437387e-08
573.960027 0.996485 0.42652 4.218168126455034e-08
575.960027 1.006728 0.27279 4.218391240047967e-08
577.960027 0.946701 0.987789 4.2186884175946215e-08
579.960028 0.878973 1.087845 4.218997758214416e-08
581.960028 0.903636 2.368901 4.219514750754034e-08
583.960028 0.924568 3.056683 4.220195889257369e-08
585.960028 1.01047 1.158324 4.2205140951345066e-08
587.960028 0.958226 2.014515 4.2209626146997696e-08
589.960028 1.069754 0.218 4.221180880870436e-08
591.960028 1.102746 1.540321 4.2215517481246025e-08
593.960028 0.958414 2.108755 4.222017537646772e-08
595.960028 0.90678 3.297646 4.22276775999975e-08
597.960028 0.983352 1.779648 4.223175974296351e-08
599.960028 1.098602 0.736788 4.223444702770918e-08
601.960029 0.950226 2.114719 4.223911607335144e-08
603.960029 0.828015 7.826967 4.228522653817667e-08
605.960029 0.904464 3.07121 4.229207770838171e-08
607.960029 0.831619 7.239247 4.232850864598299e-08
609.960029 0.831381 7.635626 4.2371214235440006e-08
611.960029 0.829245 8.340987 4.242787684758325e-08
613.960029 0.855951 6.818936 4.24586583012774e-08
615.960029 0.701838 13.216811 4.2858820858757024e-08
617.960029 1.014185 1.722621 4.2862810732207093e-08
619.960029 0.896038 4.128135 4.2873276911424244e-08
621.96003 0.895021 3.515312 4.28814632231839e-08
623.96003 0.90525 4.227716 4.289235569442921e-08
625.96003 0.933318 2.371416 4.2897530835203775e-08
627.96003 0.926309 2.084347 4.290214337352477e-08
629.96003 0.89278 3.210971 4.29093893819611e-08
631.96003 0.912174 3.983988 4.291926786897097e-08
633.96003 0.963251 2.26615 4.2924229152943695e-08
635.96003 0.883525 5.210931 4.294038449028061e-08
637.96003 0.880921 5.203326 4.295649064655029e-08
639.96003 0.763935 8.131563 4.300859012111398e-08
641.96003 0.963903 1.457199 4.301217724143747e-08
643.960031 0.728232 11.954135 4.325338390713414e-08
645.960031 0.623875 11.107108 4.342513981029988e-08
647.960031 0.692663 8.474092 4.3484908230954285e-08
649.960031 0.631719 11.764752 4.370847921441383e-08
651.960031 0.738623 11.844796 4.3939341007546667e-08
653.960031 0.685883 13.907364 4.446714183799018e-08
655.960031 0.665515 12.971402 4.482980861983741e-08
657.960031 0.633017 10.78688 4.4980870925594786e-08
659.960031 0.677815 13.038427 4.5353414983467815e-08
661.960031 0.627634 8.916295 4.542477659748761e-08
663.960032 0.729541 14.553058 4.6108520072063795e-08
665.960032 0.690826 12.14909 4.6369335529019616e-08
667.960032 0.678234 15.198221 4.7254907508428935e-08
669.960032 0.785096 11.235784 4.7435756344692306e-08
671.960032 0.8044 10.927768 4.759559669108355e-08
673.960032 0.647385 15.475004 4.8585095168594194e-08
675.960032 0.685447 14.807018 4.9342120999285556e-08
677.960032 0.910026 4.275665 4.9353224883441637e-08
679.960032 0.850154 9.289902 4.9436117176932485e-08
681.960032 0.878395 7.175701 4.94716317192595e-08
683.960032 0.978837 2.071816 4.947622114332725e-08
685.960033 0.897926 5.543375 4.949467973433837e-08
687.960033 0.959028 2.2483 4.949960564107702e-08
689.960033 0.920863 4.286634 4.9510758462737555e-08
691.960033 0.904705 9.161671 4.958949704483513e-08
693.960033 0.944975 5.679244 4.9608988981044346e-08
695.960033 0.942837 4.301847 4.962021003174667e-08
697.960033 1.019823 2.644582 4.9625984123336254e-08
699.960033 1.018093 2.354968 4.9631125250812596e-08
701.960033 1.077501 2.607945 4.963681515199747e-08
703.960033 1.019697 3.551539 4.964512122680493e-08
705.960034 1.087071 2.157029 4.964987014623584e-08
707.960034 1.093376 2.239254 4.965477822097307e-08
709.960034 1.163168 0.663747 4.9657387955710894e-08
711.960034 1.24426 0.277143 4.965962298871106e-08
713.960034 1.157168 0.584646 4.9662151261478406e-08
715.960034 1.176761 0.281151 4.966438988870318e-08
717.960034 1.193046 0.23109 4.9666584034873826e-08
719.960034 1.186056 0.322093 4.9668859710080105e-08
721.960034 1.150641 2.270191 4.967382903818818e-08
723.960034 1.336692 0.032718 4.967585544480413e-08
725.960034 1.524141 0.0 4.967785544480413e-08
727.960035 1.492082 0.0 4.9679855444804134e-08
729.960035 1.539883 0.0 4.9681855444804137e-08
731.960035 1.68472 0.0 4.968385544480414e-08
733.960035 1.603887 0.031592 4.968588093686145e-08
735.960035 1.665258 0.0 4.968788093686145e-08
737.960035 1.71604 0.0 4.968988093686145e-08
739.960035 1.703325 0.0 4.9691880936861454e-08
741.960035 1.914028 0.0 4.9693880936861456e-08
743.960035 1.739855 0.067976 4.9695936190559996e-08
745.960035 1.736291 0.260615 4.9698156462730495e-08
747.960036 1.771666 0.081196 4.9700222638195233e-08
749.960036 1.748054 0.113899 4.970231608142175e-08
751.960036 1.814414 0.087662 4.97043876199201e-08
753.960036 1.821818 0.088567 4.9706459910153795e-08
755.960036 1.78192 0.272879 4.9708691125693267e-08
757.960036 1.694394 0.947467 4.9711615247407195e-08
759.960036 1.874968 0.0 4.97136152474072e-08
761.960036 1.952402 0.054647 4.971565954773606e-08
763.960036 1.872852 1.338375 4.971907979300438e-08
765.960036 1.957323 0.015386 4.972109216786879e-08
767.960036 2.161997 0.0 4.972309216786879e-08
769.960037 2.285079 0.0 4.9725092167868794e-08
771.960037 2.213816 0.057149 4.9727138519805866e-08
773.960037 2.356148 0.297827 4.972939216360307e-08
775.960037 2.510998 0.0 4.9731392163603073e-08
777.960037 2.323433 0.974746 4.973434844009016e-08
779.960037 2.461073 0.0 4.9736348440090163e-08
781.960037 2.565886 0.070784 4.9738406008791986e-08
783.960037 2.490013 0.904373 4.974128004516273e-08
785.960037 2.413015 0.109448 4.97433697560944e-08
787.960037 2.498874 0.931866 4.9746275645778534e-08
789.960038 2.574704 0.252452 4.974848866373843e-08
791.960038 2.534898 1.535594 4.975219031466151e-08
793.960038 2.472464 1.113603 4.975531583068913e-08
795.960038 2.432066 0.626914 4.9757887311549466e-08
797.960038 2.656876 0.065333 4.9759940388655527e-08
799.960038 2.504229 1.272669 4.976327171395027e-08
801.960038 2.414613 0.154167 4.97653992274902e-08
803.960038 2.478348 0.303888 4.9767658354081096e-08
805.960038 2.361252 0.446911 4.977005080258967e-08
807.960038 2.358468 0.293085 4.977230016604299e-08
809.960038 2.452314 0.006982 4.977430577216312e-08
811.960039 2.652363 0.554499 4.977680367171401e-08
813.960039 2.669157 0.411377 4.97791622793531e-08
815.960039 2.784384 0.0 4.97811622793531e-08
817.960039 2.772223 0.002973 4.9783164664572544e-08
819.960039 2.736871 0.041801 4.978519846369084e-08
821.960039 2.78967 0.623303 4.9787766224567314e-08
823.960039 2.520383 0.694978 4.979040884057135e-08
825.960039 2.441796 1.411584 4.979393095792387e-08
827.960039 2.445637 1.422352 4.9797468313039504e-08
829.960039 2.582646 0.796477 4.98002206795367e-08
831.96004 2.546235 1.586349 4.980399842349494e-08
833.96004 2.594389 1.955287 4.980837837278374e-08
835.96004 2.717382 0.055658 4.981042350187199e-08
837.96004 2.580586 0.869109 4.9813257192092835e-08
839.96004 2.324166 0.645954 4.9815848376909404e-08
841.96004 2.418644 1.640966 4.981970975207554e-08
843.96004 2.337825 1.319372 4.9823104039373277e-08
845.96004 2.283605 2.026714 4.982761122438876e-08
847.96004 2.324664 0.990159 4.983058582483461e-08
849.96004 2.191043 0.206666 4.9832758591265316e-08
851.96004 2.239399 1.421352 4.983629452851165e-08
853.960041 2.34228 1.437167 4.983985295608946e-08
855.960041 2.280559 1.531974 4.984354923875282e-08
857.960041 2.336324 0.92131 4.984644285674464e-08
859.960041 2.317309 0.931207 4.984934797879909e-08
861.960041 2.258258 2.422712 4.9854630648062076e-08
863.960041 2.258042 2.653646 4.9860425759882096e-08
865.960041 2.019906 0.0 4.98624257598821e-08
867.960041 1.945405 0.0 4.98644257598821e-08
869.960041 1.820513 0.593412 4.986696293353757e-08
871.960041 1.806549 2.201755 4.9871797773892714e-08
873.960042 1.827559 1.391638 4.987529183891346e-08
875.960042 1.849852 0.355035 4.987759776763119e-08
877.960042 1.819774 0.55524 4.988009640935018e-08
879.960042 1.755581 0.355733 4.988240298343477e-08
881.960042 1.75489 1.597357 4.988619743615214e-08
883.960042 1.614498 0.445849 4.988858886625868e-08
885.960042 1.630642 0.073102 4.9890648347957025e-08
887.960042 1.584807 0.012172 4.989265813151018e-08
889.960042 1.658933 0.127102 4.98947626851013e-08
891.960042 1.728672 0.899825 4.989763148593258e-08
893.960042 1.924925 0.004307 4.98996349423363e-08
895.960043 1.695786 1.41808 4.990316624428506e-08
897.960043 1.598488 0.558385 4.9905668038416614e-08
899.960043 1.755939 1.341965 4.990909320984887e-08
901.960043 1.640726 0.822509 4.9911874451652695e-08
903.960043 1.683302 1.462272 4.9915468874905715e-08
905.960043 1.662334 1.374362 4.991893882334989e-08
907.960043 1.599563 0.1131 4.992103159610077e-08
909.960043 1.7797 1.162751 4.992421930746578e-08
911.960043 1.803798 1.937064 4.99285673745684e-08
913.960043 1.832087 1.086995 4.993165972680065e-08
915.960044 1.676521 1.384467 4.993514376112309e-08
917.960044 1.821205 1.732519 4.993914949858878e-08
919.960044 1.906946 0.0 4.994114949858878e-08
921.960044 1.937139 0.486615 4.9943580333950573e-08
923.960044 1.877214 0.730412 4.994626075826152e-08
925.960044 2.003428 0.003943 4.994826392232124e-08
927.960044 2.014123 0.0 4.995026392232124e-08
929.960044 1.998952 0.0 4.995226392232124e-08
931.960044 2.107312 0.153772 4.995439109897775e-08
933.960044 2.108752 0.357937 4.995669971205413e-08
935.960044 2.045951 0.11034 4.995879017042061e-08
937.960045 1.981508 1.261979 4.996210724918711e-08
939.960045 1.872296 0.0 4.9964107249187115e-08
941.960045 1.861774 0.527903 4.996657865625884e-08
943.960045 1.902538 0.509405 4.99690318031829e-08
945.960045 1.811241 0.147375 4.997115353145523e-08
947.960045 1.829404 0.181969 4.997330489099542e-08
949.960045 1.901544 0.775161 4.997603383666692e-08
951.960045 1.943201 0.862456 4.997885997882623e-08
953.960045 2.069196 0.0 4.998085997882623e-08
955.960045 1.949733 0.75866 4.998357093106492e-08
957.960046 1.936309 0.991012 4.998654654892199e-08
959.960046 2.150498 0.103795 4.998863152923699e-08
961.960046 2.154836 0.520872 4.999109597975684e-08
963.960046 2.274778 0.06699 4.9993150421184074e-08
965.960046 2.256463 0.10622 4.999523742950595e-08
967.960046 2.328708 0.004415 4.999724097265731e-08
969.960046 2.331554 0.0 4.999924097265731e-08
971.960046 2.288193 0.644248 5.000183038584194e-08
973.960046 2.151676 0.397279 5.000417570023442e-08
975.960046 2.054042 0.024152 5.000619515974719e-08
977.960046 2.046172 0.012421 5.000820514393914e-08
979.960047 2.039502 0.004067 5.0010208407583786e-08
981.960047 2.213618 0.009554 5.00122160828213e-08
983.960047 1.994601 0.520655 5.0014680318950645e-08
985.960047 2.105646 0.23456 5.0016877519632645e-08
987.960047 2.11874 0.00906 5.001888479729248e-08
989.960047 2.034904 0.26576 5.002110965388054e-08
991.960047 2.137985 0.604902 5.0023658541812554e-08
993.960047 2.13387 1.045274 5.00266996006722e-08
995.960047 2.156095 0.128814 5.002880559922853e-08
997.960047 2.055582 1.004032 5.003179678988523e-08
999.960047 2.094067 0.336696 5.0034085827011134e-08
1001.960048 2.106442 1.040328 5.0037120861758984e-08
1003.960048 2.18945 0.637893 5.003970368611246e-08
1005.960048 2.225577 0.07037 5.004176091333588e-08
1007.960048 2.320491 0.408031 5.004411635917076e-08
1009.960048 2.374237 1.200741 5.004735299255043e-08
1011.960048 2.194075 0.653669 5.004995220432007e-08
1013.960048 2.131112 1.64343 5.005381739578015e-08
1015.960048 2.147577 1.53326 5.005751558461819e-08
1017.960048 1.951212 1.022479 5.006052897877026e-08
1019.960048 1.881326 0.899526 5.006339743573481e-08
1021.960049 1.798064 2.053233 5.0067952795315776e-08
1023.960049 1.819192 1.5438 5.007166664416906e-08
1025.960049 1.877945 1.676046 5.007558270880101e-08
1027.960049 1.879835 1.171084 5.007878108737013e-08
1029.960049 1.893548 1.618564 5.008260793825749e-08
1031.960049 1.779225 1.388412 5.008609748722425e-08
1033.960049 1.629103 1.376661 5.008957063534987e-08
1035.960049 1.811743 2.241901 5.0094483921316106e-08
1037.960049 1.759772 1.473749 5.009809492140794e-08
1039.960049 1.772468 1.10875 5.010121436232481e-08
1041.960049 1.820642 1.476519 5.0104829374713234e-08
1043.96005 1.671347 1.711196 5.0108801014846133e-08
1045.96005 1.576337 0.594791 5.011133959157086e-08
1047.96005 1.485316 0.227621 5.011353068835492e-08
1049.96005 1.542498 0.06895 5.0115586744754424e-08
1051.96005 1.352134 0.009179 5.011759411817982e-08
1053.96005 1.413225 0.855437 5.01204123188319e-08
1055.96005 1.485603 0.816959 5.012318737914456e-08
1057.96005 1.384728 0.236911 5.0125386651740116e-08
1059.96005 1.493502 0.618861 5.0127949843933036e-08
1061.96005 1.438537 1.426097 5.013149251402263e-08
1063.960051 1.412411 1.049224 5.0134538392476e-08
1065.960051 1.246759 0.00556 5.0136542855543974e-08
1067.960051 1.261145 0.0 5.013854285554398e-08
1069.960051 1.183644 0.000757 5.014054346261062e-08
1071.960051 1.147906 0.983426 5.0143510044506696e-08
1073.960051 1.250953 0.06858 5.0145565795941814e-08
1075.960051 1.159353 0.913082 5.0148449884568426e-08
1077.960051 1.143808 0.780954 5.0151185175470736e-08
1079.960051 1.124523 0.713155 5.01538471193556e-08
1081.960051 1.195111 1.331385 5.01572577933303e-08
1083.960051 1.178449 2.732787 5.0163239721922836e-08
1085.960052 1.253849 0.169549 5.01653803958757e-08
1087.960052 1.247168 0.176183 5.016752677079182e-08
1089.960052 1.217523 0.754315 5.017023300481215e-08
1091.960052 1.275363 0.495364 5.017267238140421e-08
1093.960052 1.123353 1.2223 5.0175937110810566e-08
1095.960052 1.110402 0.838445 5.0178736178484014e-08
1097.960052 1.083829 0.172853 5.018087968985162e-08
1099.960052 1.21069 2.419027 5.018615456054874e-08
1101.960052 1.174268 3.36282 5.0193855391335385e-08
1103.960052 1.116034 1.51606 5.019752816660681e-08
1105.960053 1.10466 0.491113 5.0199963389408956e-08
1107.960053 1.079639 0.217944 5.020214600211358e-08
1109.960053 1.019578 0.0 5.020414600211358e-08
1111.960053 1.098509 0.638632 5.020672959179618e-08
1113.960053 1.093789 0.357349 5.0209037660718487e-08
1115.960053 1.293363 0.175001 5.0211183018766194e-08
1117.960053 1.407772 0.37243 5.021350508475608e-08
1119.960053 1.332965 0.093805 5.02155817312794e-08
1121.960053 1.35646 0.527068 5.0218052311166106e-08
1123.960053 1.256291 3.761073 5.022708627273636e-08
1125.960053 1.319965 1.198617 5.02303201512041e-08
1127.960054 1.375232 0.575694 5.023283936644731e-08
1129.960054 1.253872 2.390528 5.023805431223529e-08
1131.960054 1.27906 2.042421 5.024258996881506e-08
1133.960054 1.21633 4.623175 5.025535378705732e-08
1135.960054 1.202373 3.277253 5.026279492460124e-08
1137.960054 1.203374 4.772619 5.027634683797364e-08
1139.960054 1.259915 1.584168 5.028012128019149e-08
1141.960054 1.188352 3.82085 5.028937435634765e-08
1143.960054 1.403545 0.454669 5.0291774257537064e-08
1145.960054 1.322976 0.781412 5.029451005072814e-08
1147.960055 1.32282 0.724225 5.029718383470771e-08
1149.960055 1.341253 0.300109 5.029943954124346e-08
1151.960055 1.386594 0.90013 5.0302308692884275e-08
1153.960055 1.284332 1.639032 5.030616707527101e-08
1155.960055 1.268797 2.835969 5.031240164457719e-08
1157.960055 1.168311 4.017047 5.032241192870163e-08
1159.960055 1.342378 1.997663 5.032686692405872e-08
1161.960055 1.404918 1.011319 5.032986686600368e-08
1163.960055 1.374664 1.49296 5.033350578481987e-08
1165.960055 1.304075 3.428314 5.0341411494779535e-08
1167.960055 1.23806 4.143286 5.0351941440662794e-08
1169.960056 1.211546 2.880071 5.0358287222656754e-08
1171.960056 1.221434 2.051744 5.036283986371896e-08
1173.960056 1.274481 2.62288 5.036856393572175e-08
1175.960056 1.389837 0.508273 5.0371015969592325e-08
1177.960056 1.262027 5.144038 5.038674381209465e-08
1179.960056 1.357054 1.967169 5.039114467542821e-08
1181.960056 1.354919 3.707986 5.039998839882498e-08
1183.960056 1.352725 1.080092 5.040307220490523e-08
1185.960056 1.281781 3.434552 5.0410997710708265e-08
1187.960056 1.380767 0.385519 5.041333199372681e-08
1189.960057 1.295594 0.506193 5.0415781983727104e-08
1191.960057 1.26296 2.450367 5.042112354839822e-08
1193.960057 1.270516 3.478255 5.0429189139640474e-08
1195.960057 1.238494 1.682821 5.043311585535327e-08
1197.960057 1.369945 1.217069 5.0436373745309404e-08
1199.960057 1.498506 1.190715 5.0439597395144596e-08
1201.960057 1.29425 3.833158 5.044889624227357e-08
1203.960057 1.347545 2.236304 5.045379851576875e-08
1205.960057 1.123677 2.116452 5.045847080646668e-08
1207.960057 1.087825 0.481551 5.0460896711758786e-08
1209.960057 1.064572 0.562441 5.046340257732299e-08
1211.960058 1.143823 2.540358 5.0468940374059425e-08
1213.960058 1.199573 4.721585 5.048221783342493e-08
1215.960058 1.118189 1.283605 5.0485563796409126e-08
1217.960058 1.135741 2.215027 5.0490424430783785e-08
1219.960058 1.197202 5.611431 5.0509393582887386e-08
1221.960058 1.250826 3.322617 5.0516971288906966e-08
1223.960058 1.195528 5.503275 5.0535135504702896e-08
1225.960058 1.235253 0.588312 5.053766749607625e-08
1227.960058 1.203082 2.904636 5.054407608199658e-08
1229.960058 1.246151 3.599832 5.055254453794781e-08
1231.960059 1.331905 4.125291 5.0562998790616206e-08
1233.960059 1.369885 2.310722 5.056804952592672e-08
1235.960059 1.169699 2.597665 5.0573716025390304e-08
1237.960059 1.284071 3.775368 5.05828019090369e-08
1239.960059 1.182876 2.075426 5.0587397980083446e-08
1241.960059 1.223891 6.111157 5.0610574928395146e-08
1243.960059 1.272997 4.291434 5.062174923273885e-08
1245.960059 1.358797 1.823976 5.062590456973752e-08
1247.960059 1.37995 2.012099 5.063038542316234e-08
1249.960059 1.264924 4.785967 5.0644010051524885e-08
1251.960059 1.229429 6.755298 5.0674016112091946e-08
1253.96006 1.315883 4.444363 5.068589695577627e-08
1255.96006 1.255052 5.091438 5.070129660597864e-08
1257.96006 1.202005 4.498066 5.071343601718905e-08
1259.96006 1.281171 4.121798 5.072387564026865e-08
1261.96006 1.296469 3.404374 5.0731705836283016e-08
1263.96006 1.28764 4.265591 5.074276496511011e-08
1265.96006 1.367782 1.795826 5.0746873670444055e-08
1267.96006 1.373438 3.025557 5.07536005866534e-08
1269.96006 1.349486 3.118997 5.076058427822483e-08
1271.96006 1.376564 2.650516 5.0766372122657755e-08
1273.960061 1.3144 5.691381 5.0785959134221475e-08
1275.960061 1.308603 4.784751 5.0799577122142196e-08
1277.960061 1.323349 2.038344 5.080410537124024e-08
1279.960061 1.339133 2.429258 5.080940192224649e-08
1281.960061 1.251002 3.971554 5.0819231288631424e-08
1283.960061 1.183911 4.446234 5.083112104746368e-08
1285.960061 1.212135 5.829658 5.0851824552475196e-08
1287.960061 1.243209 1.839813 5.085600635638115e-08
1289.960061 1.269748 5.483257 5.087402538093924e-08
1291.960061 1.352238 6.068163 5.08968062599465e-08
1293.960061 1.337923 5.90481 5.0918143033439156e-08
1295.960062 1.253003 5.398875 5.09355626805047e-08
1297.960062 1.392151 1.744682 5.093958799861904e-08
1299.960062 1.206573 5.355179 5.095670514443051e-08
1301.960062 1.244867 4.023845 5.0966742747510936e-08
1303.960062 1.290432 1.688487 5.097067839306987e-08
1305.960062 1.32307 3.047406 5.0977464492098696e-08
1307.960062 1.242276 4.723041 5.099074970407012e-08
1309.960062 1.247799 6.540485 5.101827978216158e-08
1311.960062 1.212719 4.849789 5.103225751856265e-08
1313.960062 1.022668 0.889737 5.1035114740365006e-08
1315.960063 1.109648 2.853847 5.1041394156041634e-08
1317.960063 1.050286 0.776425 5.104412448495015e-08
1319.960063 1.106694 1.380157 5.104760250436264e-08
1321.960063 1.149593 1.864387 5.1051825710636654e-08
1323.960063 1.207301 4.016467 5.106183366737465e-08
1325.960063 1.083166 3.1395 5.10688750001692e-08
1327.960063 1.15447 3.722281 5.107776955226141e-08
1329.960063 1.120339 2.631768 5.1083514057056033e-08
1331.960063 1.152648 4.251409 5.109451048568013e-08
1333.960063 1.119288 4.188914 5.110523482446965e-08
1335.960063 1.009291 2.591488 5.111088730872962e-08
1337.960064 1.065457 2.495746 5.111632694076655e-08
1339.960064 1.044991 2.252493 5.1121261134951306e-08
1341.960064 0.960217 2.662704 5.112707732953407e-08
1343.960064 1.253546 2.680481 5.1132935123846356e-08
1345.960064 1.212385 3.831049 5.114222611198612e-08
1347.960064 1.307208 1.52703 5.114591507554585e-08
1349.960064 1.366032 1.34224 5.114934062462293e-08
1351.960064 1.355146 2.348589 5.1154468621022064e-08
1353.960064 1.450188 0.512585 5.115692489742583e-08
1355.960064 1.464299 0.266664 5.115915056049416e-08
1357.960064 1.453348 0.368782 5.1161469232916966e-08
1359.960065 1.431656 0.717824 5.116413616419827e-08
1361.960065 1.350378 1.602096 5.116793783285825e-08
1363.960065 1.442 0.69874 5.117058443750367e-08
1365.960065 1.5199 0.137719 5.117269796809015e-08
1367.960065 1.530199 0.473 5.1175115571221523e-08
1369.960065 1.538537 0.262709 5.117733770809555e-08
1371.960065 1.551429 1.556971 5.1181071219265516e-08
1373.960065 1.725543 1.116371 5.118420020564413e-08
1375.960065 1.621898 0.714666 5.118686376254806e-08
1377.960065 1.658185 1.570223 5.119061716201756e-08
1379.960066 1.661312 1.076915 5.119369704280265e-08
1381.960066 1.689215 0.820169 5.119647567667904e-08
1383.960066 1.722818 0.799644 5.119923154000732e-08
1385.960066 1.700722 0.923253 5.120212741290155e-08
1387.960066 1.758784 0.572524 5.120464342856315e-08
1389.960066 1.745804 0.651556 5.120724043942514e-08
1391.960066 1.686621 1.613776 5.1211059951538446e-08
1393.960066 1.54851 1.421849 5.121459659339477e-08
1395.960066 1.644475 1.002101 5.1217585469308e-08
1397.960066 1.632561 1.384701 5.122106983049155e-08
1399.960066 1.681621 2.041381 5.122560359634983e-08
1401.960067 1.668576 3.002433 5.123226843822889e-08
1403.960067 1.545093 1.277089 5.123560567190812e-08
1405.960067 1.513549 0.725507 5.1238280830469346e-08
1407.960067 1.467502 0.827701 5.124106786749545e-08
1409.960067 1.536716 0.93365 5.124397583627243e-08
1411.960067 1.486188 2.035837 5.124849953642213e-08
1413.960067 1.530258 2.306929 5.1253542597200966e-08
1415.960067 1.387127 2.773882 5.1259623896249214e-08
1417.960067 1.406384 4.06965 5.126984752856559e-08
1419.960067 1.438003 3.989696 5.127974864721413e-08
1421.960068 1.558428 2.355418 5.1284890702277475e-08
1423.960068 1.496598 2.448536 5.129022834734599e-08
1425.960068 1.518528 2.326798 5.129531173974507e-08
1427.960068 1.555122 2.359441 5.130046209487586e-08
1429.960068 1.595653 2.743223 5.130646910353705e-08
1431.960068 1.612838 3.939973 5.131617480413158e-08
1433.960068 1.75795 2.200616 5.1321007437237864e-08
1435.960068 1.828245 1.823814 5.13251625043683e-08
1437.960068 1.705593 2.383592 5.133036296911491e-08
1439.960068 1.661253 3.01991 5.1337074673304335e-08
1441.960068 1.593485 4.258739 5.134810346416318e-08
1443.960069 1.671812 4.108374 5.1358487054324904e-08
1445.960069 1.537193 2.783234 5.136459119672628e-08
1447.960069 1.411157 5.59252 5.138341707669595e-08
1449.960069 1.337559 2.250795 5.138834791311257e-08
1451.960069 1.4206 3.90541 5.139792005338115e-08
1453.960069 1.546766 2.788994 5.140403830793538e-08
1455.960069 1.497223 2.368089 5.1409206550602445e-08
1457.960069 1.577238 3.844482 5.141854770936147e-08
1459.960069 1.538082 3.273392 5.142597733763888e-08
1461.960069 1.674634 2.16984 5.143075071040929e-08
1463.96007 1.609345 1.446308 5.1434322202476926e-08
1465.96007 1.676138 3.811768 5.1443541649023647e-08
1467.96007 1.511979 2.08072 5.144814748515949e-08
1469.96007 1.506039 1.8167 5.1452290718677846e-08
1471.96007 1.563069 2.093447 5.145692011547915e-08
1473.96007 1.605885 2.71975 5.146287086027234e-08
1475.96007 1.620888 3.077668 5.146973979157165e-08
1477.96007 1.726289 2.608165 5.147543019462642e-08
1479.96007 1.648741 1.86077 5.147964728133544e-08
1481.96007 1.606515 2.753729 5.148567964450412e-08
1483.96007 1.604835 2.630291 5.149142074874918e-08
1485.960071 1.784328 1.511296 5.149508651598932e-08
1487.960071 1.799693 1.313382 5.149847266189531e-08
1489.960071 1.648501 2.059046 5.150303865001929e-08
1491.960071 1.78746 1.642206 5.150690194525175e-08
1493.960071 1.76742 1.613032 5.1510720318268203e-08
1495.960071 1.863428 0.478125 5.1513142893841396e-08
1497.960071 1.906395 1.573649 5.1516901452186165e-08
1499.960071 1.879715 0.636653 5.151948299287019e-08
1501.960071 2.00209 0.462918 5.152189084388482e-08
1503.960071 2.179729 0.01053 5.152389930485144e-08
1505.960072 2.210915 0.0 5.1525899304851444e-08
1507.960072 2.07838 0.114384 5.1527993155167315e-08
1509.960072 2.017344 0.278756 5.15302296339512e-08
1511.960072 2.146939 0.0 5.15322296339512e-08
1513.960072 1.973679 1.869929 5.153646223390955e-08
1515.960072 1.898796 2.674953 5.1542307060443213e-08
1517.960072 1.762193 1.647727 5.154617891621177e-08
1519.960072 1.70792 2.129875 5.1550876418086354e-08
1521.960072 1.767317 1.857395 5.155508780266531e-08
1523.960072 1.904605 2.875884 5.1561422941556666e-08
1525.960072 1.826502 1.671334 5.156533161542041e-08
1527.960073 1.847906 2.266428 5.157029345237091e-08
1529.960073 1.9187 2.392 5.1575511476596486e-08
1531.960073 1.797029 2.103224 5.158015905474413e-08
1533.960073 1.848758 2.729609 5.158613336670287e-08
1535.960073 1.914244 3.892952 5.159565781800828e-08
1537.960073 1.975128 1.57124 5.1599412748138274e-08
1539.960073 2.027974 1.776646 5.160348998109656e-08
1541.960073 2.108387 0.160028 5.1605622499577714e-08
1543.960073 2.125342 0.036602 5.160765206402243e-08
1545.960073 2.073057 0.926307 5.1610551484715746e-08
1547.960074 2.133333 0.186767 5.161270698649914e-08
1549.960074 2.127026 0.022819 5.1614725367080466e-08
1551.960074 2.065723 0.991063 5.161770104577854e-08
1553.960074 2.195046 0.151661 5.1619826422931855e-08
1555.960074 2.328713 1.453036 5.162340756141822e-08
1557.960074 2.448286 2.384647 5.162861022620726e-08
1559.960074 2.405072 1.489831 5.1632244583077325e-08
1561.960074 2.392348 3.144659 5.1639300494417174e-08
1563.960074 2.495764 2.193511 5.1644119381593925e-08
1565.960074 2.509068 2.661797 5.164993346165643e-08
1567.960074 2.520949 2.261366 5.165488523928704e-08
1569.960075 2.429426 2.58735 5.1660528354093677e-08
1571.960075 2.282682 1.403938 5.1664039691483745e-08
1573.960075 2.185112 0.064351 5.16660919604698e-08
1575.960075 2.188984 0.065709 5.166814534708283e-08
1577.960075 2.229687 0.240695 5.167034795858478e-08
1579.960075 2.345435 2.717898 5.1676294286700536e-08
1581.960075 2.655025 0.0 5.167829428670054e-08
1583.960075 2.593458 0.097792 5.168037425523088e-08
1585.960075 2.723021 0.0 5.1682374255230885e-08
1587.960075 2.784371 0.0 5.168437425523089e-08
1589.960076 2.596179 0.041769 5.1686408028257636e-08
1591.960076 2.576829 1.318154 5.168980065850981e-08
1593.960076 2.716911 0.0 5.169180065850981e-08
1595.960076 2.748026 0.0 5.169380065850981e-08
1597.960076 2.82792 0.0 5.1695800658509814e-08
1599.960076 2.981403 0.0 5.1697800658509817e-08
1601.960076 2.8564 0.0 5.169980065850982e-08
1603.960076 2.95128 1.007586 5.170279611413225e-08
1605.960076 2.805959 0.0 5.170479611413225e-08
1607.960076 2.824982 0.0 5.170679611413225e-08
1609.960076 2.700558 0.0 5.1708796114132255e-08
1611.960077 2.782332 0.006554 5.171080137614282e-08
1613.960077 2.54346 1.807651 5.1714929606006484e-08
1615.960077 2.42449 2.279195 5.1719916904684043e-08
1617.960077 2.40005 2.561689 5.172550226243774e-08
1619.960077 2.472014 2.585623 5.173114147148505e-08
1621.960077 2.613346 0.592943 5.173367816813128e-08
1623.960077 2.658917 0.994787 5.173665829277898e-08
1625.960077 2.703822 1.206021 5.1739901784699995e-08
1627.960077 2.548656 2.267593 5.1744865939655826e-08
1629.960077 2.740845 0.482042 5.174729232252413e-08
1631.960078 2.726807 1.716749 5.1751272814336276e-08
1633.960078 2.881876 0.004827 5.17532766884483e-08
1635.960078 2.851654 0.0 5.17552766884483e-08
