1.96 0.693614 0.0 2e-12
3.96 0.68839 0.0 4e-12
5.96 0.768213 0.0 6e-12
7.96 0.676963 0.0 8e-12
9.96 0.66988 0.0 1e-11
11.960001 0.740974 0.731479 1.2681571157861058e-11
13.960001 0.66322 1.465697 1.628093333762351e-11
15.960001 0.685053 1.257298 1.9591792946380968e-11
17.960001 0.667976 1.417116 2.3121730398215614e-11
19.960001 0.739279 0.623815 2.56900183998027e-11
21.960001 0.742537 1.444191 2.925848054957281e-11
23.960001 0.622355 0.700161 3.190659336900427e-11
25.960001 0.644326 0.734043 3.4590922405624695e-11
27.960001 0.648562 0.538438 3.7072789698720706e-11
29.960001 0.707514 2.008323 4.1546865013212324e-11
31.960002 0.634644 1.230062 4.4821769581424e-11
33.960002 0.609457 0.563702 4.7328902293298877e-11
35.960002 0.579013 0.132202 4.9437763320278757e-11
37.960002 0.570028 0.255929 5.16538682824572e-11
39.960002 0.611019 0.821221 5.443367430898871e-11
41.960002 0.530015 0.573389 5.695056263917983e-11
43.960002 0.579726 1.440225 6.051335544013415e-11
45.960002 0.552598 0.610821 6.306829899836084e-11
47.960002 0.622979 3.141397 7.011498892000243e-11
49.960002 0.589456 2.096638 7.475031188480634e-11
51.960002 0.654597 2.264044 7.97074087538204e-11
53.960003 0.572597 3.216787 8.697033227739094e-11
55.960003 0.608637 4.030071 9.703302103624223e-11
57.960003 0.640149 4.043162 1.0714866048274362e-10
59.960003 0.7714 0.440736 1.0953519355621899e-10
61.960003 0.652544 3.91292 1.1913619722815095e-10
63.960003 0.624941 4.007905 1.2910985981365252e-10
65.960003 0.630966 4.107594 1.3949020344977883e-10
67.960003 0.582451 2.045456 1.4403138217312541e-10
69.960003 0.553553 1.452873 1.4761228664695686e-10
71.960003 0.560982 4.254689 1.5862318484257545e-10
73.960004 0.617655 3.111244 1.6558520313326022e-10
75.960004 0.576156 3.740336 1.745443710533708e-10
77.960004 0.550046 2.318015 1.79609895420447e-10
79.960004 0.597492 1.639266 1.8346863978844174e-10
81.960004 0.549905 2.611049 1.8916562599655492e-10
83.960004 0.610539 4.115275 1.9957798385359844e-10
85.960004 0.601958 3.83904 2.088987848422957e-10
87.960004 0.707301 0.9045 2.1177296754919302e-10
89.960004 0.656104 2.994565 2.1841681935195593e-10
91.960004 0.601068 5.128373 2.3404619702685946e-10
93.960004 0.710754 2.399985 2.3928095221517005e-10
95.960005 0.631039 4.943528 2.537939770472005e-10
97.960005 0.641635 3.675468 2.6252315554403186e-10
99.960005 0.689723 4.113915 2.72929837769505e-10
101.960005 0.952694 0.0 2.74929837769505e-10
103.960005 0.859191 0.031325 2.76955113024876e-10
105.960005 0.848019 0.110306 2.7904554289678275e-10
107.960005 0.880929 0.005549 2.8104999712511985e-10
109.960005 0.88949 0.005888 2.830547237928767e-10
111.960005 0.824097 1.077962 2.8613589763097597e-10
113.960005 0.640907 4.844463 3.000838201161027e-10
115.960006 0.655456 4.028794 3.1014135850573233e-10
117.960006 0.685612 4.363293 3.216422634926161e-10
119.960006 0.551292 3.819162 3.308890799097228e-10
121.960006 0.686523 2.530995 3.364061283816368e-10
123.960006 0.644775 4.98769 3.5117839291079665e-10
125.960006 0.629403 5.690525 3.7075868381306035e-10
127.960006 0.681469 4.725176 3.840552719745084e-10
129.960006 0.709394 3.721327 3.92946422852382e-10
131.960006 0.736195 3.442184 4.008962156918088e-10
133.960006 0.672352 4.292405 4.120748708328325e-10
135.960006 0.710722 5.080729 4.274085470957443e-10
137.960007 0.696991 5.132782 4.430655757338166e-10
139.960007 0.629957 5.641031 4.6226117330346174e-10
141.960007 0.798908 0.973734 4.6521625061695304e-10
143.960007 0.571087 4.277501 4.763283109830124e-10
145.960007 0.68705 5.096194 4.917573519848e-10
147.960007 0.738467 1.990507 4.961995847360644e-10
149.960007 0.82661 1.092859 4.99299215404976e-10
151.960007 0.844435 2.062883 5.038722327183688e-10
153.960007 0.76827 2.883774 5.102274424146461e-10
155.960007 0.748299 3.894138 5.197564234519667e-10
157.960008 0.679033 5.54365 5.382170496287843e-10
159.960008 0.713348 6.328197 5.635010354474247e-10
161.960008 0.786959 2.526473 5.690080910929507e-10
163.960008 0.684319 7.262767 6.05784173566415e-10
165.960008 0.687671 5.136803 6.214664624816188e-10
167.960008 0.736525 3.16478 6.285795216983895e-10
169.960008 0.639958 6.273137 6.533115039942619e-10
171.960008 0.661159 6.209962 6.774249565125145e-10
173.960008 0.731269 2.390938 6.826407595632242e-10
175.960008 0.571398 5.836441 7.034006414395224e-10
177.960008 0.652065 7.991836 7.52661863867431e-10
179.960009 0.734099 4.873449 7.667728166254629e-10
181.960009 0.728214 5.469973 7.846961330609121e-10
183.960009 0.656035 7.697788 8.284793709672787e-10
185.960009 0.645842 8.186383 8.817365510927829e-10
187.960009 0.670789 8.564953 9.437222892988197e-10
189.960009 0.735488 5.84739 9.645734978091805e-10
191.960009 0.7551 4.137991 9.75081114356067e-10
193.960009 0.897864 1.984172 9.795120792552242e-10
195.960009 0.838275 2.503375 9.849683740180492e-10
197.960009 0.670206 8.743334 1.051549335842055e-09
199.960009 0.665982 8.522227 1.1124823504472913e-09
201.96001 0.675989 9.916691 1.2190549826780827e-09
203.96001 0.678655 8.820206 1.287719822053516e-09
205.96001 0.659298 9.913924 1.3941742975219181e-09
207.96001 0.637566 9.570108 1.4869216252689042e-09
209.96001 0.688644 8.994312 1.5605505344261308e-09
211.96001 0.691235 10.483491 1.6943124314899748e-09
213.96001 0.752106 4.932826 1.7087633213457276e-09
215.96001 0.740541 6.479351 1.7356268634011105e-09
217.96001 0.726135 4.852288 1.7496186106774229e-09
219.96001 0.653539 6.082207 1.7725281157780428e-09
221.960011 0.590146 7.51106 1.8131533871814483e-09
223.960011 0.609161 8.406564 1.871325433261651e-09
225.960011 0.632892 9.76044 1.971426914953262e-09
227.960011 0.615071 9.326359 2.0555396510048276e-09
229.960011 0.695302 10.674764 2.199962317561147e-09
231.960011 0.665275 10.176173 2.318218714658102e-09
233.960011 0.773457 5.187834 2.3342251477716034e-09
235.960011 0.699882 11.042744 2.501605748635167e-09
237.960011 0.638009 10.734342 2.6495195194623253e-09
239.960011 0.723762 7.090681 2.683843939924187e-09
241.960011 0.696134 5.808384 2.7043716173918962e-09
243.960012 0.636974 4.188814 2.7150955262428447e-09
245.960012 0.721369 10.686986 2.8602275854167837e-09
247.960012 0.772137 5.204791 2.8763432040944384e-09
249.960012 0.755092 5.426132 2.8939542490058625e-09
251.960012 0.718235 8.099986 2.9453983291571985e-09
253.960012 0.759115 3.964415 2.9551996033161672e-09
255.960012 0.72755 10.926789 3.114977226469241e-09
257.960012 0.753129 5.280232 3.131587706068182e-09
259.960012 0.694063 11.61827 3.3424073869087665e-09
261.960012 0.761717 4.82949 3.356271833687243e-09
263.960013 0.837056 2.443245 3.3615981685237522e-09
265.960013 0.931807 0.12446 3.3637004941547493e-09
267.960013 1.05428 0.0 3.3657004941547495e-09
269.960013 1.083545 0.0 3.3677004941547497e-09
271.960013 1.099908 0.955853 3.370634463349706e-09
273.960013 0.944234 0.049294 3.3726743811918657e-09
275.960013 0.903749 0.511811 3.3751298955246788e-09
277.960013 0.928871 0.119949 3.3772284225452653e-09
279.960013 0.998196 0.084196 3.3792970845430847e-09
281.960013 0.976807 1.488811 3.3829299555338218e-09
283.960013 0.900035 0.388515 3.3852670439909023e-09
285.960014 1.003837 1.10755 3.388384984538572e-09
287.960014 1.036521 1.493476 3.3920246562101853e-09
289.960014 0.954961 0.806789 3.3947884249897268e-09
291.960014 1.020367 2.115059 3.3994581071068066e-09
293.960014 0.930599 1.06502 3.402523335523637e-09
295.960014 0.857847 1.293761 3.4058829497715992e-09
297.960014 0.909248 1.246752 3.40917984070077e-09
299.960014 0.869723 1.703947 3.413139955283477e-09
301.960014 0.914747 1.28189 3.416483618518052e-09
303.960014 0.866895 1.784461 3.420573645867426e-09
305.960015 0.960836 2.002445 3.4250371902731624e-09
307.960015 0.952527 1.59129 3.4288224249275515e-09
309.960015 0.956709 1.565781 3.4325691461683236e-09
311.960015 0.852021 3.129837 3.4395832537996575e-09
313.960015 0.908314 2.363316 3.4447416163182323e-09
315.960015 0.877223 2.493201 3.450175701071641e-09
317.960015 0.901128 2.389913 3.455389361229714e-09
319.960015 0.921608 2.186279 3.460194296924848e-09
321.960015 1.055458 1.395401 3.463693637127331e-09
323.960015 0.836056 3.37371 3.47142816236912e-09
325.960015 0.94191 3.777489 3.480521775261024e-09
327.960016 0.875532 3.103263 3.48746155315886e-09
329.960016 0.957387 3.721439 3.496353103273331e-09
331.960016 0.951027 3.551349 3.5046585454104315e-09
333.960016 0.922983 3.049375 3.511450003416665e-09
335.960016 0.929188 3.884645 3.520942787804256e-09
337.960016 0.965153 4.658211 3.5338871543396083e-09
339.960016 0.947718 3.758815 3.542912941616663e-09
341.960016 0.853297 3.362392 3.5506124511421035e-09
343.960016 0.794819 3.309287 3.558149769142455e-09
345.960016 0.748057 5.30369 3.5749171988091923e-09
347.960017 0.742081 4.755367 3.5883757042761518e-09
349.960017 0.736785 3.42461 3.596269683262905e-09
351.960017 0.775271 3.534019 3.6045176213935152e-09
353.960017 0.7769 4.039407 3.614618044121018e-09
355.960017 0.799934 3.966932 3.6244292135917994e-09
357.960017 0.826189 3.341346 3.632064031750591e-09
359.960017 0.783361 5.473977 3.650016142428192e-09
361.960017 0.772378 6.519745 3.6773182616490445e-09
363.960017 0.774235 3.654914 3.685975804992061e-09
365.960017 0.773943 4.135152 3.696471468809972e-09
367.960017 0.750122 6.727934 3.72615014863242e-09
369.960018 0.777428 5.417003 3.74369685689555e-09
371.960018 0.7619 6.609637 3.772000845575154e-09
373.960018 0.70872 9.87093 3.876636127701682e-09
375.960018 0.825414 4.360657 3.888124885030621e-09
377.960018 0.745672 7.011919 3.921382400184252e-09
379.960018 0.860202 4.637925 3.93422191948174e-09
381.960018 0.76136 6.754671 3.964220438396047e-09
383.960018 0.735036 10.438002 4.095565042274257e-09
385.960018 0.645534 8.976653 4.1686745266691976e-09
387.960018 0.741916 7.751625 4.213413039957064e-09
389.960019 0.640747 9.776322 4.31415392314423e-09
391.960019 0.615218 9.216247 4.394634286919586e-09
393.960019 0.634343 12.486559 4.6932349414509575e-09
395.960019 0.671338 12.751224 5.025260968692591e-09
397.960019 0.663833 12.687972 5.348973261431929e-09
399.960019 0.611272 8.809931 5.417355829563016e-09
401.960019 0.698107 11.354108 5.606990331886875e-09
403.960019 0.671753 13.055506 5.982093991225988e-09
405.960019 0.704106 7.055713 6.015940576662942e-09
407.960019 0.630869 12.705159 6.341891080024487e-09
409.960019 0.675978 13.908946 6.870026767073811e-09
411.96002 0.61376 12.955424 7.230377836905873e-09
413.96002 0.642777 14.12857 7.807123989368534e-09
415.96002 0.680743 14.141594 8.386889453860129e-09
417.96002 0.653684 14.841182 9.154355310578606e-09
419.96002 0.662925 14.576389 9.844524239296984e-09
421.96002 0.702778 13.788186 1.0347700032321574e-08
423.96002 0.718896 10.661266 1.0491343272995799e-08
425.96002 0.76365 7.662302 1.053450803339698e-08
427.96002 0.614845 14.458954 1.1192936427911953e-08
429.96002 0.801638 5.261936 1.1209425515218578e-08
431.960021 0.878322 4.636745 1.1222258961944495e-08
433.960021 0.902467 4.288515 1.1233420197205946e-08
435.960021 0.727187 10.960886 1.1395396937935096e-08
437.960021 0.799312 7.861455 1.1442149377515976e-08
439.960021 0.771523 7.958679 1.1490760108352605e-08
441.960021 0.81059 7.45061 1.153041266553902e-08
443.960021 0.86253 4.66675 1.1543401421138801e-08
445.960021 0.868685 4.985821 1.1558162621002889e-08
447.960021 0.971233 4.782597 1.1571768854110438e-08
449.960021 0.876331 4.864654 1.1585830139478163e-08
451.960021 0.926045 5.355707 1.160295090901964e-08
453.960022 1.027655 1.713987 1.1606926995642494e-08
455.960022 0.97962 5.646169 1.1626162174297567e-08
457.960022 1.082294 1.618895 1.1629989533043682e-08
459.960022 1.068554 1.687167 1.1633923096416269e-08
461.960022 1.002199 3.478844 1.1641990592449705e-08
463.960022 1.177301 0.003987 1.1643993791845448e-08
465.960022 1.081723 2.319773 1.1649062887632517e-08
467.960022 1.020671 3.146317 1.1656123490632896e-08
469.960022 1.062231 3.015057 1.1662822149185717e-08
471.960022 1.045367 3.800039 1.167199834537019e-08
473.960023 1.023902 3.130702 1.1679014885812863e-08
475.960023 1.078464 3.684314 1.1687775076698992e-08
477.960023 1.122601 3.38527 1.1695545530751695e-08
479.960023 1.085803 3.614846 1.1704065114013921e-08
481.960023 1.192095 1.100444 1.1707174184652838e-08
483.960023 1.215314 0.213642 1.1709353036237237e-08
485.960023 1.342926 0.0 1.1711353036237237e-08
487.960023 1.193871 0.494365 1.1713791436037582e-08
489.960023 1.200958 0.048871 1.1715831007971579e-08
491.960023 1.2518 0.720993 1.1718501329681198e-08
493.960023 1.227021 1.004773 1.1721493409071104e-08
495.960024 1.113666 3.108627 1.1728448126810282e-08
497.960024 1.210377 0.838449 1.1731247198972404e-08
499.960024 1.308256 0.008718 1.1733254201432271e-08
501.960024 1.221773 0.966803 1.173620107889226e-08
503.960024 1.269675 0.557799 1.1738702285341304e-08
505.960024 1.262301 0.809551 1.1741469116157916e-08
507.960024 1.279767 1.022004 1.174448193652023e-08
509.960024 1.403884 0.008823 1.1746489023467301e-08
511.960024 1.433529 1.003643 1.1749479747674724e-08
513.960024 1.443883 0.22458 1.1751668174787049e-08
515.960025 1.577439 0.0 1.175366817478705e-08
517.960025 1.700383 0.0 1.175566817478705e-08
519.960025 1.65957 0.0 1.175766817478705e-08
521.960025 1.768768 0.0051 1.1759672268230789e-08
523.960025 1.617422 0.731267 1.1762353611484978e-08
525.960025 1.767244 0.0 1.1764353611484978e-08
527.960025 1.673168 0.213195 1.1766532072641471e-08
529.960025 1.791628 0.0 1.1768532072641472e-08
531.960025 1.774015 0.969458 1.1771482088458493e-08
533.960025 1.842642 0.672359 1.1774100849187864e-08
535.960025 1.731476 0.114869 1.1776195106672246e-08
537.960026 1.742797 0.15909 1.1778326823367197e-08
539.960026 1.774096 0.976276 1.1781284913758184e-08
541.960026 1.82803 0.480212 1.1783709517135837e-08
543.960026 2.077227 0.0 1.1785709517135838e-08
545.960026 2.003056 0.0 1.1787709517135838e-08
547.960026 2.002167 0.0 1.1789709517135839e-08
549.960026 1.815668 1.0685 1.1792779025019552e-08
551.960026 1.863814 0.456583 1.1795180768450301e-08
553.960026 1.836907 1.735634 1.1799191511518197e-08
555.960026 1.680329 0.187336 1.1801347505063383e-08
557.960027 1.531501 0.000429 1.1803347849071927e-08
559.960027 1.582035 0.353938 1.1805652763874535e-08
561.960027 1.532932 0.788709 1.1808396572140892e-08
563.960027 1.578995 0.879282 1.181124184298492e-08
565.960027 1.569731 0.402108 1.181359170226689e-08
567.960027 1.474842 0.06767 1.1815646703846873e-08
569.960027 1.486947 0.08127 1.1817712940610126e-08
571.960027 1.512741 1.031073 1.1820736735023655e-08
573.960027 1.512332 1.509251 1.1824399498091935e-08
575.960027 1.478026 0.50243 1.1826845794783843e-08
577.960027 1.466441 0.903561 1.1829718895701111e-08
579.960028 1.397491 1.427198 1.1833263129868951e-08
581.960028 1.517406 1.094015 1.1836364197393105e-08
583.960028 1.571796 1.332173 1.1839775949022484e-08
585.960028 1.50087 1.575729 1.1843537642892577e-08
587.960028 1.507433 1.609732 1.1847350967557e-08
589.960028 1.435062 1.154203 1.1850527773457865e-08
591.960028 1.562735 1.65051 1.1854403951569837e-08
593.960028 1.491277 1.859333 1.1858618609495391e-08
595.960028 1.60459 1.787612 1.1862713806880564e-08
597.960028 1.71906 0.653484 1.1865312825879118e-08
599.960028 1.789363 0.037537 1.186734315124638e-08
601.960029 1.696093 0.410801 1.1869701214291738e-08
603.960029 1.735666 0.322712 1.1871977454304154e-08
605.960029 1.72233 0.125158 1.1874080368319032e-08
607.960029 1.855516 0.877098 1.1876923148983159e-08
609.960029 1.950906 0.002463 1.1878925124830727e-08
611.960029 1.895557 0.235052 1.1881122758946004e-08
613.960029 2.000442 0.038315 1.1883153717683372e-08
615.960029 1.930113 0.733421 1.1885837377426536e-08
617.960029 1.870618 0.406382 1.1888191266597626e-08
619.960029 1.972983 0.152774 1.1890317592328098e-08
621.96003 2.080268 0.021978 1.1892335292499819e-08
623.96003 2.178034 0.0 1.189433529249982e-08
625.96003 2.128117 0.0 1.189633529249982e-08
627.96003 2.077292 0.137397 1.1898448550263311e-08
629.96003 2.230415 0.0 1.1900448550263312e-08
631.96003 2.382328 0.0 1.1902448550263313e-08
633.96003 2.326376 0.029325 1.1904472202271925e-08
635.96003 2.370919 0.0 1.1906472202271925e-08
637.96003 2.428825 0.0 1.1908472202271926e-08
639.96003 2.329164 0.012525 1.1910482270270744e-08
641.96003 2.454319 0.0 1.1912482270270744e-08
643.960031 2.518731 0.0 1.1914482270270745e-08
645.960031 2.535763 0.0 1.1916482270270745e-08
647.960031 2.680167 0.0 1.1918482270270746e-08
649.960031 2.62588 0.0 1.1920482270270747e-08
651.960031 2.595026 0.523838 1.1922949652993878e-08
653.960031 2.514658 0.0 1.1924949652993878e-08
655.960031 2.546982 0.004863 1.1926953556027388e-08
657.960031 2.55726 0.010631 1.192896209832165e-08
659.960031 2.770978 0.038732 1.1930993396620212e-08
661.960031 2.831613 0.369701 1.193331292347896e-08
663.960032 2.812433 1.181463 1.193652463830149e-08
665.960032 2.728624 0.848817 1.1939335369336993e-08
667.960032 2.72744 0.666691 1.1941948186092193e-08
669.960032 2.48345 0.0 1.1943948186092193e-08
671.960032 2.475579 0.720766 1.1946618264797336e-08
673.960032 2.250992 0.523576 1.1949085388365466e-08
675.960032 2.158301 0.0 1.1951085388365466e-08
677.960032 2.160653 0.0 1.1953085388365467e-08
679.960032 2.343502 0.9643 1.1956029310198382e-08
681.960032 2.433388 0.228772 1.1958221418286343e-08
683.960032 2.246544 0.142896 1.1960339340061138e-08
685.960033 2.312918 1.548758 1.1964060578277987e-08
687.960033 2.120863 0.22398 1.1966248479039014e-08
689.960033 2.211612 0.023306 1.1968267253731751e-08
691.960033 2.182686 0.914968 1.1971153523877772e-08
693.960033 2.023473 0.948836 1.19740792509156e-08
695.960033 2.290584 0.287227 1.1976323337895923e-08
697.960033 2.397684 0.314757 1.1978592330036872e-08
699.960033 2.302154 0.321786 1.1980867725173195e-08
701.960033 2.270677 1.627046 1.1984707611420253e-08
703.960033 2.377283 0.515036 1.1987166302609368e-08
705.960034 2.336928 1.194832 1.199039527759375e-08
707.960034 2.305413 1.7355 1.1994405805203676e-08
709.960034 2.210132 0.034286 1.1996433486067022e-08
711.960034 2.458666 0.0 1.1998433486067023e-08
713.960034 2.625417 0.023099 1.2000452093232776e-08
715.960034 2.550874 0.017435 1.2002466121862293e-08
717.960034 2.623125 0.000139 1.2004466233317789e-08
719.960034 2.75539 0.0 1.200646623331779e-08
721.960034 2.715291 0.418773 1.200883184487759e-08
723.960034 2.644802 0.0 1.201083184487759e-08
725.960034 2.71342 0.245633 1.2013038821171362e-08
727.960035 2.787749 0.63794 1.2015621694192603e-08
729.960035 2.775901 0.403589 1.2017972949105046e-08
731.960035 2.860468 0.367451 1.2020290384594849e-08
733.960035 2.887837 0.009175 1.2022297754801161e-08
735.960035 2.7913 0.820316 1.202507655243688e-08
737.960035 2.659529 0.0 1.202707655243688e-08
739.960035 2.740148 0.184888 1.2029230431079489e-08
741.960035 2.671966 0.095898 1.2031308820848584e-08
743.960035 2.86821 0.134638 1.2033419742419709e-08
745.960035 2.869531 0.037423 1.2035449974996118e-08
