1.96 0.656091 0.0 2e-12
3.96 0.545112 0.0 4e-12
5.96 0.601586 0.0 6e-12
7.96 0.63752 0.0 8e-12
9.96 0.631799 0.0 1e-11
11.960001 0.686319 0.230344 1.2193490049505279e-11
13.960001 0.644072 0.553042 1.4689930946426102e-11
15.960001 0.606238 1.014392 1.7693571067200533e-11
17.960001 0.625279 1.457052 2.1280479995519608e-11
19.960001 0.62056 1.337157 2.4699055545945185e-11
21.960001 0.662888 1.364691 2.815557642241005e-11
23.960001 0.630082 2.217919 3.302184960919846e-11
25.960001 0.64381 2.389096 3.823380235560203e-11
27.960001 0.736354 0.17273 4.037720802568854e-11
29.960001 0.624014 2.341836 4.549134001788213e-11
31.960002 0.629828 3.490739 5.359740019946335e-11
33.960002 0.571464 2.652569 5.939001035904924e-11
35.960002 0.673337 2.075784 6.398674110412843e-11
37.960002 0.65134 4.005102 7.394920213331135e-11
39.960002 0.627324 3.906179 8.352429393007152e-11
41.960002 0.651126 3.820541 9.277622388120127e-11
43.960002 0.681441 2.313065 9.783170571350588e-11
45.960002 0.650781 3.769196 1.0689513501041436e-10
47.960002 0.689157 3.203103 1.1411832305989891e-10
49.960002 0.634289 2.598393 1.197864765946926e-10
51.960002 0.571249 3.719667 1.286717123172085e-10
53.960003 0.607144 5.59738 1.475343086205661e-10
55.960003 0.607779 4.861768 1.6157933420616597e-10
57.960003 0.639516 5.240614 1.7792807091639934e-10
59.960003 0.620853 5.818876 1.9854227633158798e-10
61.960003 0.589065 4.255853 2.0955831403651834e-10
63.960003 0.679681 2.39175 2.1477581530154223e-10
65.960003 0.703084 1.138728 2.1793297315328553e-10
67.960003 0.644673 4.288104 2.290923694944774e-10
69.960003 0.609124 5.776844 2.4936211613991027e-10
71.960003 0.671949 1.724924 2.5335567510476093e-10
73.960004 0.68471 1.689993 2.5729369759514095e-10
75.960004 0.658839 3.81098 2.6651023203664304e-10
77.960004 0.605765 6.436416 2.9291532940336955e-10
79.960004 0.716363 0.87589 2.957567336514712e-10
81.960004 0.686237 3.442746 3.03708317862339e-10
83.960004 0.790754 0.118827 3.0580590113862537e-10
85.960004 0.710574 1.406672 3.093210893529347e-10
87.960004 0.698984 2.667834 3.151492581646923e-10
89.960004 0.77581 0.416498 3.175127131156101e-10
91.960004 0.803899 0.762092 3.202273979637245e-10
93.960004 0.762038 1.919171 3.24544386052514e-10
95.960005 0.755966 1.860749 3.2876143725775597e-10
97.960005 0.745192 2.265078 3.3372058946147766e-10
99.960005 0.714139 1.112898 3.3684522221790396e-10
101.960005 0.747146 2.045274 3.4138606960516986e-10
103.960005 0.667181 3.95856 3.5116436406090134e-10
105.960005 0.715233 2.793055 3.5729258777835833e-10
107.960005 0.603324 7.133058 3.9220513699172226e-10
109.960005 0.63525 4.241315 4.031571555818607e-10
111.960005 0.670933 4.516186 4.153850740365962e-10
113.960005 0.627556 6.360357 4.409971618728378e-10
115.960006 0.699579 3.537067 4.492551848738959e-10
117.960006 0.729883 2.720432 4.5520755693726825e-10
119.960006 0.734992 2.944001 4.6171808377262737e-10
121.960006 0.689398 4.268452 4.727899046697177e-10
123.960006 0.673776 3.994619 4.827105841510433e-10
125.960006 0.605052 5.670638 5.021353849067767e-10
127.960006 0.723186 4.265176 5.131926739047906e-10
129.960006 0.714192 4.223422 5.240664099088554e-10
131.960006 0.668268 3.9734 5.339030534639177e-10
133.960006 0.686617 3.237342 5.412260755674718e-10
135.960006 0.584228 5.709402 5.609551110331729e-10
137.960007 0.62119 4.463572 5.729278027724199e-10
139.960007 0.679783 5.022055 5.879049961654546e-10
141.960007 0.669588 5.885114 6.090739519261102e-10
143.960007 0.717734 6.07667 6.319326582933835e-10
145.960007 0.685063 5.932327 6.535061175551561e-10
147.960007 0.765691 4.000291 6.634493818291861e-10
149.960007 0.650305 6.043443 6.860056072850962e-10
151.960007 0.670385 7.041813 7.196641031415575e-10
153.960007 0.696652 6.579268 7.476255752376286e-10
155.960007 0.720806 7.040835 7.812708765917819e-10
157.960008 0.716927 5.880409 8.023999395890315e-10
159.960008 0.798946 1.294213 8.057601626890703e-10
161.960008 0.897061 0.206741 8.079329944516974e-10
163.960008 0.892151 0.240555 8.101354823309168e-10
165.960008 0.848213 1.34301 8.135620890350423e-10
167.960008 0.816766 2.219294 8.184310454863268e-10
169.960008 0.715103 5.015315 8.333678233472491e-10
171.960008 0.762344 5.458781 8.512108987148921e-10
173.960008 0.819842 2.049737 8.557598780947509e-10
175.960008 0.687206 7.163909 8.911069214578722e-10
177.960008 0.717687 6.177731 9.149107925567092e-10
179.960009 0.720481 7.448471 9.545293605873508e-10
181.960009 0.812093 1.949085 9.588984329638445e-10
183.960009 0.767764 3.032464 9.656440022939352e-10
185.960009 0.710077 4.061596 9.75834676638408e-10
187.960009 0.683053 6.219512 1.0000406285769225e-09
189.960009 0.725387 6.36853 1.0257367751340848e-09
191.960009 0.827768 0.991053 1.0287124419024525e-09
193.960009 0.817494 4.947769 1.0432501634989725e-09
195.960009 0.786036 5.304424 1.0600225279826443e-09
197.960009 0.803835 5.508124 1.0782220894008944e-09
199.960009 0.770475 6.811544 1.108912456950986e-09
201.96001 0.850452 0.778553 1.1116451161842727e-09
203.96001 0.855222 0.764746 1.1143626910201059e-09
205.96001 0.804471 2.742713 1.120368471595723e-09
207.96001 0.850503 0.473018 1.1227860921734092e-09
209.96001 0.912206 0.016167 1.1247990972292611e-09
211.96001 0.886835 1.321402 1.128196148068333e-09
213.96001 0.803562 1.537226 1.131900221706207e-09
215.96001 0.870504 0.449262 1.134294926242886e-09
217.96001 0.763518 7.063743 1.1682506492417014e-09
219.96001 0.818128 1.374628 1.171720967746101e-09
221.960011 0.769323 7.765923 1.216716666697031e-09
223.960011 0.828943 1.774663 1.220790659541906e-09
225.960011 0.607944 9.463618 1.3096616888253765e-09
227.960011 0.721612 6.970296 1.3423688409218463e-09
229.960011 0.944936 0.016828 1.3443823794949447e-09
231.960011 0.856325 0.749152 1.34708301770896e-09
233.960011 0.883921 0.360718 1.3493942061507456e-09
235.960011 0.823057 0.694227 1.3520360266309183e-09
237.960011 0.834176 0.118861 1.3541336384992802e-09
239.960011 0.945736 1.506517 1.3577923890777745e-09
241.960011 0.866294 0.671331 1.360410070751015e-09
243.960012 0.919874 2.416468 1.3656795326105741e-09
245.960012 0.785867 2.30525 1.370719199924745e-09
247.960012 0.817203 1.345057 1.374148619856741e-09
249.960012 0.785962 1.318709 1.377542005066274e-09
251.960012 0.838978 0.7432 1.3802362066899487e-09
253.960012 0.812964 1.089284 1.3833313980087226e-09
255.960012 0.839801 0.767693 1.3860521854901615e-09
257.960012 0.833983 0.593567 1.3885895168123331e-09
259.960012 0.78413 2.489268 1.3940150400117434e-09
261.960012 0.850697 1.128372 1.3971591171422607e-09
263.960013 0.776986 3.48917 1.4052600800170175e-09
265.960013 0.830196 1.097749 1.4083657932847655e-09
267.960013 0.844412 1.125433 1.411506168030625e-09
269.960013 0.855341 1.203106 1.4147458716702639e-09
271.960013 0.866809 2.749907 1.4207689987082631e-09
273.960013 0.820823 2.409465 1.4260236869971693e-09
275.960013 0.818793 2.550899 1.431584935815264e-09
277.960013 0.787764 4.338549 1.4429723151040429e-09
279.960013 0.820304 2.710638 1.4489013610523279e-09
281.960013 0.835521 2.330506 1.4539923158714678e-09
283.960013 0.815066 2.805257 1.4601505915567575e-09
285.960014 0.81379 3.324374 1.4677336371560324e-09
287.960014 0.789387 3.829303 1.4770181240176601e-09
289.960014 0.788776 4.163347 1.4876330996527088e-09
291.960014 0.807832 3.327176 1.4952246684061667e-09
293.960014 0.9241 2.613301 1.5009268004297908e-09
295.960014 0.823718 1.588552 1.5047078823655508e-09
297.960014 0.814869 4.10181 1.5150641834159746e-09
299.960014 0.975089 1.548741 1.5187853962710579e-09
301.960014 0.808059 3.465036 1.526808356160122e-09
303.960014 0.884611 1.916064 1.5311199702664951e-09
305.960015 0.913514 1.420982 1.5346553830452407e-09
307.960015 0.856987 2.362852 1.5398127860879836e-09
309.960015 1.063004 0.300937 1.5420692415337026e-09
311.960015 1.029137 2.209603 1.5469193178241656e-09
313.960015 1.060079 2.075954 1.5515163618670692e-09
315.960015 1.137839 0.13368 1.553626472852746e-09
317.960015 1.144315 0.041158 1.5556597477582147e-09
319.960015 1.121894 0.367451 1.557977183248017e-09
321.960015 1.160407 0.302129 1.5602347172713086e-09
323.960015 1.091734 1.977278 1.5646534525168894e-09
325.960015 1.049511 1.906658 1.5689488384042855e-09
327.960016 1.069712 0.746863 1.5716469994384562e-09
329.960016 1.080017 1.24975 1.5749478553551118e-09
331.960016 1.064303 2.52246 1.5804460581342843e-09
333.960016 1.090471 2.275672 1.5854263177310292e-09
335.960016 1.044036 2.798938 1.5915690121739269e-09
337.960016 1.056506 2.67865 1.5974225080779225e-09
339.960016 1.106508 2.538043 1.602955167559874e-09
341.960016 1.051667 2.700061 1.608859125195896e-09
343.960016 1.081841 2.647423 1.6146397971029143e-09
345.960016 1.11958 1.821675 1.6187913026162984e-09
347.960017 1.113443 3.467703 1.626822845412788e-09
349.960017 1.141571 2.114788 1.6314920202149783e-09
351.960017 1.117853 4.218295 1.6423434287017228e-09
353.960017 1.00247 2.59041 1.6479934706062293e-09
355.960017 1.148534 2.625522 1.6537236087502398e-09
357.960017 1.142347 3.476029 1.6617820053007901e-09
359.960017 1.13404 2.182894 1.6665804247690896e-09
361.960017 1.103633 4.209427 1.67739332227277e-09
363.960017 1.118381 3.022439 1.6841118348833434e-09
365.960017 1.038776 1.772555 1.6881823861950481e-09
367.960017 1.047834 2.903744 1.6945886807517915e-09
369.960018 1.026414 1.58283 1.698361098846119e-09
371.960018 1.061726 3.721023 1.7072511661721592e-09
373.960018 1.002227 2.181651 1.7120471950470075e-09
375.960018 1.070148 3.485017 1.7201346812803783e-09
377.960018 1.050647 3.703548 1.7289626836562882e-09
379.960018 1.040522 1.498943 1.7326103413755517e-09
381.960018 1.058019 4.156725 1.7431971736203406e-09
383.960018 1.068965 4.562144 1.7556524789074176e-09
385.960018 1.044467 4.317771 1.7669453945889095e-09
387.960018 1.09957 4.713543 1.7801801150164836e-09
389.960019 1.130874 3.883659 1.7896691476938252e-09
391.960019 0.964213 3.098655 1.7965961169952417e-09
393.960019 1.031846 3.967528 1.80640963103771e-09
395.960019 1.017584 3.601465 1.8148836329546539e-09
397.960019 1.03162 3.946427 1.8246144791735877e-09
399.960019 1.023118 3.477813 1.8326786413093457e-09
401.960019 0.981536 3.992193 1.8425896766035804e-09
403.960019 1.0597 4.505828 1.8547669226414765e-09
405.960019 1.060928 4.814559 1.8685486253559512e-09
407.960019 1.066405 4.992559 1.8833497538101437e-09
409.960019 1.09442 4.860325 1.897386656556797e-09
411.96002 1.079096 6.107607 1.9205306423652578e-09
413.96002 1.066655 4.970822 1.935203346266468e-09
415.96002 1.084909 3.50143 1.943344224445916e-09
417.96002 1.016652 5.338728 1.9603488484049578e-09
419.96002 1.055942 3.973929 1.9701875783392585e-09
421.96002 1.052871 6.800089 2.00073732658979e-09
423.96002 1.212271 0.276037 2.002971368786808e-09
425.96002 1.187251 0.624858 2.0055407309346692e-09
427.96002 1.182909 1.610945 2.009355910474653e-09
429.96002 1.279127 0.0 2.0113559104746533e-09
431.960021 1.315489 0.459713 2.013760669604843e-09
433.960021 1.135749 3.720106 2.0226474692536655e-09
435.960021 1.076871 5.165493 2.038511177943517e-09
437.960021 1.061986 3.067154 2.04535121663437e-09
439.960021 1.132 1.93924 2.0497030785394097e-09
441.960021 1.208475 0.602897 2.0522499184467962e-09
443.960021 1.1645 3.623258 2.0607982819701068e-09
445.960021 1.156053 2.582404 2.0664302181853366e-09
447.960021 1.218358 0.561802 2.068935441878783e-09
449.960021 1.264306 0.787481 2.0716778996599727e-09
451.960021 1.226077 1.170138 2.0748750654456957e-09
453.960022 1.230698 1.208183 2.078121369923698e-09
455.960022 1.238639 1.075952 2.081200061875503e-09
457.960022 1.274545 1.237119 2.0844842449455566e-09
459.960022 1.272313 0.869039 2.0873178556441064e-09
461.960022 1.310186 2.339108 2.0924263974867826e-09
463.960022 1.273683 2.268682 2.0973927202096577e-09
465.960022 1.241309 2.281263 2.102384155458846e-09
467.960022 1.242626 2.314042 2.10744161784551e-09
469.960022 1.318445 2.332304 2.1125362437126145e-09
471.960022 1.244761 1.372917 2.116004182556559e-09
473.960023 1.223099 1.618188 2.1198304566226787e-09
475.960023 1.213768 1.403807 2.1233416096059016e-09
477.960023 1.281612 3.074964 2.1302030986411694e-09
479.960023 1.278668 2.683758 2.1360685938353997e-09
481.960023 1.246795 2.652561 2.141861185416591e-09
483.960023 1.22849 2.790491 2.147983112999039e-09
485.960023 1.22327 2.59994 2.15365478303847e-09
487.960023 1.21254 2.37906 2.1588458075638505e-09
489.960023 1.113011 5.274375 2.1754173295621557e-09
491.960023 1.113988 4.54591 2.187791834728499e-09
493.960023 1.230719 2.378229 2.192981130129017e-09
495.960024 1.051317 6.583184 2.2209865349624156e-09
497.960024 1.11819 5.564859 2.2396047984046716e-09
499.960024 1.193305 1.425542 2.2431466803241416e-09
501.960024 1.231162 2.508576 2.2486143639960857e-09
503.960024 1.140915 5.943417 2.2702839538764125e-09
505.960024 1.169403 5.090242 2.2856762219347672e-09
507.960024 1.176834 3.67263 2.2943954742248615e-09
509.960024 1.178339 3.708462 2.3032408854494226e-09
511.960024 1.242943 4.737782 2.3166048425957425e-09
513.960024 1.211787 3.986038 2.3264914516875034e-09
515.960025 1.193151 4.303117 2.3377182170762387e-09
517.960025 1.31292 1.599167 2.341515424211899e-09
519.960025 1.231801 4.093033 2.3518353478761346e-09
521.960025 1.245381 5.565404 2.370457679756487e-09
523.960025 1.263133 5.464045 2.3883384505389263e-09
525.960025 1.161612 5.283909 2.4049734343384556e-09
527.960025 1.245433 5.679903 2.4244705209642753e-09
529.960025 1.025521 6.081223 2.4473709901998043e-09
531.960025 1.056387 6.255415 2.47192787724837e-09
533.960025 1.125325 7.799364 2.5175308846778977e-09
535.960025 1.055374 6.966397 2.550186950860014e-09
537.960026 1.135445 7.603984 2.5923542190664566e-09
539.960026 1.149133 6.61777 2.6207506458919385e-09
541.960026 1.120933 7.133234 2.6556656586142453e-09
543.960026 1.17959 5.474304 2.67362012291176e-09
545.960026 1.059234 6.757165 2.703648651272947e-09
547.960026 1.066803 4.533518 2.7159618317316036e-09
549.960026 0.967113 4.253244 2.7269663530303007e-09
551.960026 1.037517 7.06934 2.7609983541920858e-09
553.960026 1.115363 7.270543 2.79788926351068e-09
555.960026 1.093544 6.201548 2.8219215126290724e-09
557.960027 1.061265 7.594418 2.863927375486446e-09
559.960027 1.128653 8.486516 2.923994238076713e-09
561.960027 1.085817 8.415698 2.9823796944448536e-09
563.960027 1.19082 5.716892 3.0021680612942203e-09
565.960027 1.100203 9.577092 3.095175439946475e-09
567.960027 1.056995 8.003607 3.1446696797338644e-09
569.960027 1.042095 7.718397 3.188816166919125e-09
571.960027 1.029468 8.133403 3.2409540879068723e-09
573.960027 0.986072 6.063679 3.2636940511776293e-09
575.960027 1.052533 6.317276 3.288867577732169e-09
577.960027 1.08494 9.565733 3.3814523718469377e-09
579.960028 1.046326 7.01441 3.414743116591297e-09
581.960028 1.139742 8.664621 3.479255810951841e-09
583.960028 1.061582 8.724859 3.545345444524663e-09
585.960028 1.015664 8.758935 3.6123441462532313e-09
587.960028 1.071737 10.00559 3.7227835573923735e-09
589.960028 1.040453 8.936277 3.794719141059112e-09
591.960028 1.134245 9.406658 3.881583733437003e-09
593.960028 1.136836 8.47485 3.941370319767587e-09
595.960028 1.157941 6.727891 3.9710484879625304e-09
597.960028 1.206627 4.054987 3.981212196834077e-09
599.960028 1.115174 5.354402 3.998324011392209e-09
601.960029 1.121451 4.966111 4.012969029447744e-09
603.960029 1.202882 4.994154 4.027779625481629e-09
605.960029 1.157133 4.875805 4.041903912880928e-09
607.960029 1.137414 8.821202 4.110596175893265e-09
609.960029 0.991285 7.213814 4.1466575404247374e-09
611.960029 1.145668 9.145642 4.224891758688481e-09
613.960029 1.080322 8.851141 4.294413487883663e-09
615.960029 1.131778 8.630046 4.3580381157681046e-09
617.960029 1.054132 11.312346 4.544524053001233e-09
619.960029 1.059599 9.337638 4.6290179946110535e-09
621.96003 1.103727 10.976023 4.791980686706196e-09
623.96003 1.235858 3.782245 4.801091655093126e-09
625.96003 1.213775 3.071805 4.807944459772539e-09
627.96003 1.245832 0.786074 4.810685371031529e-09
629.96003 1.296004 0.693281 4.813326189767865e-09
631.96003 1.324726 1.403958 4.816837555312505e-09
633.96003 1.217129 2.009928 4.821314510429151e-09
635.96003 1.293888 2.223624 4.8261919263939044e-09
637.96003 1.332139 0.239863 4.82839380332551e-09
639.96003 1.391621 0.013138 4.830404365372371e-09
641.96003 1.284074 2.562593 4.8359917477423264e-09
643.960031 1.431481 0.304502 4.838251430502485e-09
645.960031 1.42796 0.147703 4.840373437795727e-09
647.960031 1.328978 1.14235 4.843535183449719e-09
649.960031 1.298257 3.110445 4.85049497198628e-09
651.960031 1.387152 1.555133 4.854225733062142e-09
653.960031 1.48238 0.017792 4.856240049968349e-09
655.960031 1.526092 0.0 4.858240049968349e-09
657.960031 1.54208 0.0 4.8602400499683485e-09
659.960031 1.5653 0.0 4.862240049968348e-09
661.960031 1.497135 0.175833 4.8643861237310834e-09
663.960032 1.608945 0.658272 4.866990136459891e-09
665.960032 1.664251 0.010638 4.868998684390845e-09
667.960032 1.710702 0.0 4.870998684390844e-09
669.960032 1.822512 0.0 4.872998684390844e-09
671.960032 1.748616 0.004294 4.875002130352975e-09
673.960032 1.654943 0.062935 4.877053234626198e-09
675.960032 1.75523 0.006195 4.879058208048331e-09
677.960032 1.696004 0.0 4.88105820804833e-09
679.960032 1.621468 0.11224 4.883150259375768e-09
681.960032 1.752979 0.0 4.8851502593757675e-09
683.960032 1.738248 0.00721 4.887156048830708e-09
685.960033 1.707551 0.071434 4.889214153784478e-09
687.960033 1.779931 0.007944 4.89122053356268e-09
689.960033 1.690156 0.089185 4.893293337292827e-09
691.960033 1.780879 0.06833 4.89534888269653e-09
693.960033 1.823718 0.403613 4.8977001602323605e-09
695.960033 2.004769 0.0 4.89970016023236e-09
697.960033 1.887166 0.544241 4.9021878082330644e-09
699.960033 1.741021 0.141027 4.904304143650194e-09
701.960033 1.883133 0.749837 4.9070055236204474e-09
703.960033 1.856801 0.896274 4.90987024326408e-09
705.960034 2.004411 0.0 4.91187024326408e-09
707.960034 1.892452 0.138254 4.913984227221304e-09
709.960034 1.973041 0.0 4.915984227221304e-09
711.960034 2.113902 0.0 4.9179842272213035e-09
713.960034 1.911768 0.258102 4.92020226363509e-09
715.960034 1.890428 0.197679 4.9223672157629355e-09
717.960034 2.007044 0.879145 4.925212330336519e-09
719.960034 2.072052 0.0 4.927212330336519e-09
721.960034 2.044348 0.71502 4.929876265282973e-09
723.960034 2.012817 0.621663 4.932442338440006e-09
725.960034 2.050665 0.674463 4.935063309052608e-09
727.960035 2.271116 0.0 4.937063309052608e-09
729.960035 2.284561 0.0 4.9390633090526075e-09
731.960035 2.268079 1.310848 4.942446016717801e-09
733.960035 2.278867 0.863643 4.945273504095061e-09
735.960035 2.18355 0.026802 4.947295110233591e-09
737.960035 2.197841 0.038127 4.949325915901983e-09
739.960035 2.223308 0.209732 4.951501354703546e-09
741.960035 2.114678 1.260873 4.954816962989702e-09
743.960035 2.063997 0.83524 4.9576124364234194e-09
745.960035 2.163266 0.395452 4.959956033598944e-09
747.960036 2.206431 0.602208 4.9625021701012834e-09
749.960036 2.290538 1.439339 4.966063697607356e-09
751.960036 2.407227 0.0 4.968063697607356e-09
753.960036 2.251749 2.002589 4.972527499704228e-09
755.960036 2.217735 1.455548 4.976112246502297e-09
757.960036 2.314929 1.166249 4.9793044313725044e-09
759.960036 2.34268 0.125678 4.981407783831978e-09
761.960036 2.274388 2.838253 4.987648064583173e-09
763.960036 2.275417 2.505805 4.993109677491967e-09
765.960036 2.287605 1.361815 4.996562215258349e-09
767.960036 2.200098 1.433521 5.000115445246127e-09
769.960037 2.290517 2.363937 5.005275092170081e-09
771.960037 2.493944 0.0 5.007275092170081e-09
773.960037 2.550249 0.0 5.009275092170081e-09
775.960037 2.57638 0.0 5.0112750921700806e-09
777.960037 2.731986 0.0 5.01327509217008e-09
779.960037 2.651714 0.0 5.01527509217008e-09
781.960037 2.736375 0.107908 5.017363513316313e-09
783.960037 2.785587 0.0 5.019363513316313e-09
785.960037 2.91674 0.0 5.0213635133163125e-09
