1.96 0.701735 0.0 2e-12
3.96 0.711497 0.0 4e-12
5.96 0.726227 0.0 6e-12
7.96 0.661238 0.0 8e-12
9.96 0.707089 0.0 1e-11
11.960001 0.642176 0.516879 1.2460508521503798e-11
13.960001 0.708674 1.431494 1.601085218442696e-11
15.960001 0.70865 0.841912 1.8813813120411035e-11
17.960001 0.754609 0.860496 2.1637735427572622e-11
19.960001 0.7717 0.829492 2.4426774337375286e-11
21.960001 0.752319 2.277213 2.941011168435063e-11
23.960001 0.703541 1.585302 3.3186270265237275e-11
25.960001 0.716609 2.63615 3.894087575113844e-11
27.960001 0.57088 0.399654 4.128842431275966e-11
29.960001 0.667167 2.054033 4.5845245151687e-11
31.960002 0.656344 0.916813 4.8733650989450814e-11
33.960002 0.6161 0.763981 5.145039248774856e-11
35.960002 0.646185 1.515772 5.512274371962135e-11
37.960002 0.612496 0.277178 5.735780808149174e-11
39.960002 0.578966 0.128982 5.946394848691537e-11
41.960002 0.607041 1.585825 6.324089891618976e-11
43.960002 0.591829 1.507136 6.690055757013372e-11
45.960002 0.610367 1.481104 7.05222210502533e-11
47.960002 0.635647 1.763437 7.4577919714292e-11
49.960002 0.645227 1.516579 7.82514592639435e-11
51.960002 0.672761 3.854144 8.762887184394559e-11
53.960003 0.682458 3.721221 9.651964488940793e-11
55.960003 0.60755 2.620755 1.0223884246449153e-10
57.960003 0.61677 2.406959 1.0748825414974794e-10
59.960003 0.577035 1.520571 1.1116767762833823e-10
61.960003 0.578842 2.992426 1.1780583449160984e-10
63.960003 0.591174 2.871352 1.2412947342756574e-10
65.960003 0.598587 3.502279 1.322731229957749e-10
67.960003 0.600494 3.417739 1.4014538685009606e-10
69.960003 0.593233 2.946401 1.4666218099173282e-10
71.960003 0.616702 4.554873 1.5908123191544058e-10
73.960004 0.577636 3.63941 1.6768512967057117e-10
75.960004 0.595711 4.073096 1.7792289598793695e-10
77.960004 0.717158 4.267148 1.889889302283076e-10
79.960004 0.607642 4.556025 2.0141371816419516e-10
81.960004 0.662614 4.688557 2.1451652706915335e-10
83.960004 0.609577 5.005015 2.293917529014706e-10
85.960004 0.67067 4.409882 2.411094892831945e-10
87.960004 0.660001 4.709607 2.543233421423368e-10
89.960004 0.625313 5.618709 2.7334792340765396e-10
91.960004 0.585594 5.758103 2.934659457407299e-10
93.960004 0.600064 6.703536 3.2285574312818925e-10
95.960005 0.664828 3.499561 3.3099052365820347e-10
97.960005 0.620908 5.912949 3.523970325240887e-10
99.960005 0.627172 4.970103 3.6706550758733575e-10
101.960005 0.588997 7.230947 4.033754214210669e-10
103.960005 0.653881 6.212218 4.275106931731906e-10
105.960005 0.638428 5.653732 4.4680428267318944e-10
107.960005 0.532182 2.28012 4.5179343118251117e-10
109.960005 0.588561 6.390054 4.777122728688147e-10
111.960005 0.737769 3.319742 4.852812497790803e-10
113.960005 0.67024 5.344685 5.023265328530852e-10
115.960006 0.703708 4.936486 5.167986423938475e-10
117.960006 0.690485 4.441921 5.286678602216073e-10
119.960006 0.767856 1.410902 5.321890146913441e-10
121.960006 0.670798 5.654522 5.51488715771243e-10
123.960006 0.737305 4.674512 5.645179533448923e-10
125.960006 0.668307 6.116106 5.877409325294363e-10
127.960006 0.737903 4.081948 5.980150955509112e-10
129.960006 0.678543 5.152553 6.137967204174504e-10
131.960006 0.635908 7.58686 6.556754955552795e-10
133.960006 0.596861 8.68736 7.207789922545435e-10
135.960006 0.596842 8.11105 7.724517669004663e-10
137.960007 0.546764 1.935575 7.767972391910225e-10
139.960007 0.644891 8.130459 8.288736595097768e-10
141.960007 0.61919 9.719967 9.273640065417596e-10
143.960007 0.601444 9.82705 1.03017465811807e-09
145.960007 0.622196 9.533163 1.1215583784526518e-09
147.960007 0.681899 7.753695 1.1663340347170851e-09
149.960007 0.565212 6.410708 1.192468384529357e-09
151.960007 0.578208 9.606342 1.2865728392582194e-09
153.960007 0.647174 8.647275 1.3506384591016938e-09
155.960007 0.57919 9.822589 1.4532654032875128e-09
157.960008 0.628912 9.567738 1.5459246488579843e-09
159.960008 0.600558 10.411015 1.6758558557091102e-09
161.960008 0.671964 7.339786 1.7137852059508534e-09
163.960008 0.702401 5.514726 1.732033001660808e-09
165.960008 0.680572 4.037028 1.742123795603186e-09
167.960008 0.603035 10.652523 1.885264428323946e-09
169.960008 0.704182 4.392886 1.8969025934385605e-09
171.960008 0.61434 8.447343 1.956033488913372e-09
173.960008 0.683334 5.786857 1.9763847677497334e-09
175.960008 0.624978 10.044434 2.0885574983514813e-09
177.960008 0.643223 8.857702 2.158262335199558e-09
179.960009 0.693872 6.778319 2.1885466126090615e-09
181.960009 0.656624 8.060221 2.2391770686661792e-09
183.960009 0.632674 8.589984 2.301787973076369e-09
185.960009 0.652494 7.72434 2.3460397688888006e-09
187.960009 0.675144 6.755108 2.376043543906345e-09
189.960009 0.649386 7.302565 2.41341110706566e-09
191.960009 0.644829 6.352159 2.4389391552975562e-09
193.960009 0.742998 2.126089 2.4436295325372772e-09
195.960009 0.70348 2.290521 2.4486395284468693e-09
197.960009 0.683061 3.186129 2.4558137294944552e-09
199.960009 0.611262 5.310984 2.4726302626088895e-09
201.96001 0.775947 0.041121 2.4746635073538123e-09
203.96001 0.784421 0.032457 2.476689701943829e-09
205.96001 0.746255 0.826903 2.479475847471151e-09
207.96001 0.738247 1.270394 2.48280413576445e-09
209.96001 0.850291 0.0 2.4848041357644504e-09
211.96001 0.932657 0.694774 2.487446535650428e-09
213.96001 0.842369 0.446949 2.4898390206070335e-09
215.96001 0.732662 2.62172 2.495560431231054e-09
217.96001 0.759225 1.060803 2.4986204818633615e-09
219.96001 0.773301 1.1393 2.501778363795376e-09
221.960011 0.705534 6.309755 2.526876100742534e-09
223.960011 0.735887 2.762107 2.532928759515558e-09
225.960011 0.717975 3.042696 2.5397020566062764e-09
227.960011 0.728608 3.802806 2.5488884377043223e-09
229.960011 0.736984 2.925058 2.555349708280455e-09
231.960011 0.601156 10.324664 2.6808598211528274e-09
233.960011 0.754366 3.323786 2.688441079382374e-09
235.960011 0.758683 2.818645 2.694632497581836e-09
237.960011 0.630443 5.903311 2.7159564523597952e-09
239.960011 0.764944 4.015991 2.7259624994401037e-09
241.960011 0.836652 0.15251 2.7280886001328483e-09
243.960012 0.730785 3.254976 2.7354635765754965e-09
245.960012 0.715183 3.671019 2.74417719924486e-09
247.960012 0.804198 0.903617 2.7470503646663846e-09
249.960012 0.626572 6.529768 2.7744624126997258e-09
251.960012 0.685378 6.45746 2.8010912244739883e-09
253.960012 0.730361 5.449254 2.8188662791021957e-09
255.960012 0.713689 6.175247 2.8426464567924027e-09
257.960012 0.652389 9.902312 2.9486065020019226e-09
259.960012 0.799853 1.120904 2.951741179905813e-09
261.960012 0.667375 7.682277 2.995252997316238e-09
263.960013 0.669022 7.708108 3.0392177579021386e-09
265.960013 0.654342 7.324327 3.0769127628219657e-09
267.960013 0.715001 5.067404 3.0921647434984225e-09
269.960013 0.675437 7.211741 3.128196150527965e-09
271.960013 0.692948 5.368569 3.1454054309324053e-09
273.960013 0.636966 4.456409 3.1573437899753917e-09
275.960013 0.655797 9.266271 3.239454482204907e-09
277.960013 0.728754 7.521343 3.2802475784354314e-09
279.960013 0.745878 5.982671 3.3022608852915e-09
281.960013 0.777312 4.979364 3.3169839228117754e-09
283.960013 0.716962 8.023793 3.3668803310681394e-09
285.960014 0.738661 7.117129 3.401570636975937e-09
287.960014 0.693125 8.474984 3.461360435227214e-09
289.960014 0.74169 4.156209 3.4719450776167696e-09
291.960014 0.621691 10.748422 3.620696150546546e-09
293.960014 0.655241 8.924185 3.6922838503804112e-09
295.960014 0.577232 7.060174 3.726191022907208e-09
297.960014 0.713991 4.366574 3.737707065894084e-09
299.960014 0.772853 3.218357 3.744974562324993e-09
301.960014 0.695661 6.344787 3.770427273975023e-09
303.960014 0.676435 4.045621 3.780552890664552e-09
305.960015 0.680924 8.56943 3.842649984780964e-09
307.960015 0.573398 10.456196 3.9749561342445785e-09
309.960015 0.656237 11.085186 4.145209139801003e-09
311.960015 0.813799 4.362104 4.1567045638490314e-09
313.960015 0.859404 3.261896 4.164100028967525e-09
315.960015 0.883287 1.258883 4.167412993094142e-09
317.960015 0.775875 7.94782 4.215812559105416e-09
319.960015 0.693369 11.973266 4.458876336831175e-09
321.960015 0.809432 7.551987 4.500173684554453e-09
323.960015 0.7313 6.191065 4.524105144865369e-09
325.960015 0.709258 8.792962 4.592024084808547e-09
327.960016 0.65624 11.174101 4.768455518424863e-09
329.960016 0.746021 6.93779 4.800739199122397e-09
331.960016 0.704802 10.230266 4.92158815096841e-09
333.960016 0.717624 11.300823 5.107214573159758e-09
335.960016 0.71475 5.128532 5.122844947150982e-09
337.960016 0.765214 3.50661 5.131002749081807e-09
339.960016 0.739935 3.194529 5.13820115088342e-09
341.960016 0.688155 8.063552 5.1888992652403945e-09
343.960016 0.678431 9.602626 5.282863630006334e-09
345.960016 0.647162 9.767467 5.383247513158397e-09
347.960017 0.706455 6.557034 5.410960850235651e-09
349.960017 0.674471 6.833402 5.441921340661262e-09
351.960017 0.691611 4.973273 5.456608469417232e-09
353.960017 0.719096 8.284135 5.511994210564831e-09
355.960017 0.716396 6.971863 5.54472191649051e-09
357.960017 0.751544 5.266982 5.561244394673306e-09
359.960017 0.646537 11.021655 5.727215800611527e-09
361.960017 0.733914 9.411654 5.81425455154446e-09
363.960017 0.72653 10.537434 5.950940712992391e-09
365.960017 0.745142 5.99608 5.9730726770572755e-09
367.960017 0.743075 7.993769 6.02237208950832e-09
369.960018 0.764411 7.760462 6.067269384528848e-09
371.960018 0.767942 5.565053 6.0858890960838715e-09
373.960018 0.756174 8.414519 6.1442469618966865e-09
375.960018 0.796721 6.536504 6.17173313663517e-09
377.960018 0.676042 13.084698 6.551252536667103e-09
379.960018 0.787643 7.795592 6.596786634227195e-09
381.960018 0.870218 3.60877 6.6052854897536305e-09
383.960018 0.815626 6.509042 6.6324707088296896e-09
385.960018 0.739242 12.00606 6.878751236276511e-09
387.960018 0.71145 11.73308 7.09950136191495e-09
389.960019 0.686297 12.905144 7.452661323066706e-09
391.960019 0.682138 14.616121 8.15391188890941e-09
393.960019 0.656774 14.547175 8.836044626668973e-09
395.960019 0.743693 11.650124 9.04957384867781e-09
397.960019 0.715557 14.44532 9.704413106058995e-09
399.960019 0.713423 12.335639 9.98548263139687e-09
401.960019 0.705313 15.644612 1.1044604491710193e-08
403.960019 0.64658 12.679624 1.1367235201870519e-08
405.960019 0.615426 6.463244 1.1393925833544196e-08
407.960019 0.690644 14.262603 1.2002511150866454e-08
409.960019 0.599129 10.663146 1.2146262697240249e-08
411.96002 0.610196 12.342868 1.2428147989436614e-08
413.96002 0.599998 12.151939 1.2689261516492818e-08
415.96002 0.598713 12.021153 1.2937036781125362e-08
417.96002 0.62988 12.803231 1.3276058230293862e-08
419.96002 0.594084 10.775406 1.3426427242677668e-08
421.96002 0.593512 13.554293 1.388456506062247e-08
423.96002 0.535169 6.530093 1.3911980680542974e-08
425.96002 0.547872 8.707482 1.3977611495697908e-08
427.96002 0.570899 12.548269 1.4283691678330679e-08
429.96002 0.574975 12.696987 1.4608576043800849e-08
431.960021 0.611368 14.139141 1.518777163152592e-08
433.960021 0.599798 11.265007 1.5370751704221124e-08
435.960021 0.650271 14.034839 1.592622732963278e-08
437.960021 0.690691 11.047159 1.6093904457898015e-08
439.960021 0.692142 15.647052 1.7154062874247215e-08
441.960021 0.731542 13.420131 1.7588209987982458e-08
443.960021 0.726985 11.837032 1.7818354306638872e-08
445.960021 0.795664 4.328026 1.782969374657331e-08
447.960021 0.803795 5.731506 1.7849598391142463e-08
449.960021 0.629453 15.275907 1.8763185446728508e-08
451.960021 0.748926 6.353961 1.8788731944004774e-08
453.960022 0.789386 5.068142 1.8803988437952625e-08
455.960022 0.778368 8.392281 1.8861828333051348e-08
457.960022 0.851406 1.173408 1.8865029692970148e-08
459.960022 0.916066 1.269217 1.8868356411119275e-08
461.960022 0.727202 11.751659 1.9090756925698446e-08
463.960022 0.796265 6.453868 1.911734741795445e-08
465.960022 1.018249 0.003545 1.911935026241214e-08
467.960022 0.946191 1.117226 1.9122480321516774e-08
469.960022 0.924592 1.844889 1.9126670644093644e-08
471.960022 0.896147 3.847313 1.9136022410808287e-08
473.960023 0.812208 4.846022 1.9149979053684458e-08
475.960023 0.904351 3.527557 1.9158205651810598e-08
477.960023 0.786821 10.26966 1.9280978366624197e-08
479.960023 0.770321 10.387007 1.9409664985266264e-08
481.960023 0.790886 12.238415 1.9679989783417284e-08
483.960023 0.705609 16.457197 2.114697857790336e-08
485.960023 0.785386 10.000879 2.1257209601514624e-08
487.960023 0.622483 13.486291 2.1703026137786328e-08
489.960023 0.839125 6.854948 2.173425522210814e-08
491.960023 0.776247 9.471678 2.182341388637458e-08
493.960023 0.743534 13.653591 2.2300157763787742e-08
495.960024 0.697777 14.170643 2.2886714630713617e-08
497.960024 0.647811 15.993274 2.410472840036358e-08
499.960024 0.620776 11.755886 2.432750612274391e-08
501.960024 0.667741 14.145215 2.4908113836668113e-08
503.960024 0.733972 12.087186 2.516253608820259e-08
505.960024 0.623079 15.757692 2.6270777886670988e-08
507.960024 0.588688 11.329686 2.645856474273278e-08
509.960024 0.62445 10.054567 2.6571194090637564e-08
511.960024 0.590927 12.880425 2.6920871506369258e-08
513.960024 0.604204 12.345953 2.7203105650208764e-08
515.960025 0.615842 13.468195 2.7645699567655215e-08
517.960025 0.595889 16.275561 2.900966000901108e-08
519.960025 0.67154 15.764761 3.012104703918297e-08
521.960025 0.638348 15.72129 3.121323276946396e-08
523.960025 0.616741 13.885124 3.173634854422539e-08
525.960025 0.573405 7.124421 3.1771140412859256e-08
527.960025 0.495949 4.270769 3.1782222523188373e-08
529.960025 0.619073 13.091789 3.2162822370348015e-08
531.960025 0.584113 10.80495 3.2314983006258495e-08
533.960025 0.545307 5.024601 3.232997549484916e-08
535.960025 0.585491 10.951913 3.2491370595938945e-08
537.960026 0.608782 14.817438 3.3251565486541584e-08
539.960026 0.611139 15.706153 3.4337143311670525e-08
541.960026 0.682847 16.624094 3.5905647130244465e-08
543.960026 0.59779 14.56687 3.659318722655551e-08
545.960026 0.658096 12.272396 3.6867219926686194e-08
547.960026 0.635082 16.634278 3.844214079556501e-08
549.960026 0.621512 15.765208 3.9553727010610584e-08
551.960026 0.610598 12.991063 3.991926371851462e-08
553.960026 0.732226 14.517061 4.059321062170154e-08
555.960026 0.706845 17.982756 4.329744946843161e-08
557.960027 0.693993 18.37323 4.6459954954211605e-08
559.960027 0.728434 16.717139 4.808807280824754e-08
561.960027 0.781681 11.728808 4.830844518347489e-08
563.960027 0.645951 17.160432 5.0253216341683254e-08
565.960027 0.642023 16.937941 5.2032028684691474e-08
567.960027 0.652705 14.161243 5.261637925194832e-08
569.960027 0.541958 4.12177 5.262681875783942e-08
571.960027 0.56035 8.259608 5.2681662556098994e-08
573.960027 0.544083 4.841115 5.2695591769689194e-08
575.960027 0.554438 11.562144 5.2901720694012795e-08
577.960027 0.669112 17.875374 5.5492011617842705e-08
579.960028 0.600272 14.889496 5.627448777778545e-08
581.960028 0.587836 5.906938 5.62958427621287e-08
583.960028 0.583784 7.015866 5.6329152945081646e-08
585.960028 0.676408 8.450746 5.638836456727198e-08
587.960028 0.644575 10.387425 5.651707275295951e-08
589.960028 0.646271 12.410321 5.680668491688996e-08
591.960028 0.66238 7.941646 5.685496483218243e-08
593.960028 0.685495 4.504679 5.6867136470147066e-08
595.960028 0.697302 7.566376 5.690867273683115e-08
597.960028 0.603331 4.316492 5.691995986342823e-08
599.960028 0.746473 1.947056 5.692432538326245e-08
601.960029 0.671874 5.687515 5.694388206023776e-08
603.960029 0.863702 3.477751 5.695194602193087e-08
605.960029 0.7981 8.417122 5.7010364819653166e-08
607.960029 0.846838 5.029435 5.702538639168977e-08
609.960029 0.832013 5.91828 5.704683870032581e-08
611.960029 0.68346 19.18816 6.143134244054872e-08
613.960029 0.730701 16.94542 6.321549636082295e-08
615.960029 0.806535 12.721027 6.354352704256276e-08
617.960029 0.775828 12.870477 6.38918126410684e-08
619.960029 0.806205 7.861537 6.393856661763509e-08
621.96003 0.701647 17.32593 6.601674922645645e-08
623.96003 0.891515 2.579714 6.602237509222792e-08
625.96003 0.890504 3.342575 6.603001367310902e-08
627.96003 0.888998 4.244544 6.604097987861342e-08
629.96003 0.855282 6.998359 6.607405708612477e-08
631.96003 0.990153 1.373055 6.607752521683873e-08
633.96003 0.960043 2.691031 6.60834078396197e-08
635.96003 1.085196 0.004817 6.608541170569806e-08
637.96003 0.954187 2.063353 6.608998558477121e-08
639.96003 0.943963 3.239543 6.60973150715484e-08
641.96003 0.864429 6.350004 6.612282107418217e-08
643.960031 0.97373 2.492198 6.612825297427174e-08
645.960031 0.827315 8.768198 6.61955009455869e-08
647.960031 0.756025 11.765719 6.641915861938315e-08
649.960031 0.807788 10.748865 6.65679361131755e-08
651.960031 0.844 5.230983 6.658422184677279e-08
653.960031 0.739405 14.163028 6.716899073697555e-08
655.960031 0.725094 14.969181 6.797686772132419e-08
657.960031 0.719075 14.645576 6.868644826035046e-08
659.960031 0.843812 8.312023 6.874245671748398e-08
661.960031 0.859501 4.762557 6.875595407343205e-08
663.960032 0.763287 14.193204 6.934784034398631e-08
665.960032 0.877705 6.084503 6.93707709466396e-08
667.960032 1.004883 0.296324 6.937302323288001e-08
669.960032 0.968562 0.54368 6.93755103214484e-08
671.960032 1.071496 0.046067 6.937754760189461e-08
673.960032 0.788338 12.67209 6.969920529557189e-08
675.960032 0.633362 12.031904 6.994805081622278e-08
677.960032 0.643822 8.862988 7.001790352812812e-08
679.960032 0.699079 11.106551 7.018962108150557e-08
681.960032 0.695617 12.353288 7.047268640130847e-08
683.960032 0.602764 10.534122 7.060919119036872e-08
685.960033 0.610404 5.362055 7.06263555871303e-08
687.960033 0.623723 7.997587 7.067573051831213e-08
689.960033 0.737403 8.488169 7.073583720044858e-08
691.960033 0.645536 5.708647 7.0755560265126e-08
693.960033 0.737468 11.402672 7.094892306914365e-08
695.960033 0.722219 11.858891 7.11810931081392e-08
697.960033 0.591341 17.513073 7.342119391830631e-08
699.960033 0.638579 3.394627 7.342899357636688e-08
701.960033 0.62403 9.41614 7.351618900496953e-08
703.960033 0.604032 10.933652 7.367640685053595e-08
705.960034 0.607303 13.75204 7.417234359235114e-08
707.960034 0.626495 14.840305 7.493953965841401e-08
709.960034 0.573999 3.752569 7.494854287275625e-08
711.960034 0.656253 5.056664 7.496372932338656e-08
713.960034 0.714176 7.419252 7.500288650212854e-08
715.960034 0.647991 15.704365 7.608768643862767e-08
717.960034 0.678105 5.771003 7.610790877508002e-08
719.960034 0.745307 2.540372 7.611344660289859e-08
721.960034 0.743627 10.936831 7.627386877406763e-08
723.960034 0.814708 4.976997 7.628857784680387e-08
725.960034 0.725977 7.82891 7.633472424401491e-08
727.960035 0.725695 9.586608 7.642808712718055e-08
729.960035 0.755704 8.249452 7.648270807629718e-08
731.960035 0.892676 1.317392 7.648609967028691e-08
733.960035 0.797222 3.949819 7.6495843758286e-08
735.960035 0.91589 0.749819 7.649854511876223e-08
737.960035 0.868069 1.359617 7.650199461550787e-08
739.960035 0.799021 3.002265 7.650865900850812e-08
741.960035 0.724602 10.590745 7.664829797843646e-08
743.960035 0.689683 9.563206 7.674078902292875e-08
745.960035 0.752603 6.251281 7.676530524425063e-08
747.960036 0.834072 1.962157 7.676969727358643e-08
749.960036 0.694563 9.905367 7.687578717536536e-08
751.960036 0.90473 0.081058 7.687785323652151e-08
753.960036 0.813314 5.286607 7.689450622327698e-08
755.960036 0.867438 0.493434 7.689694371312605e-08
757.960036 0.855294 1.21583 7.690019998520909e-08
759.960036 0.814074 2.407677 7.690545090816475e-08
761.960036 0.861977 1.81461 7.690959067153225e-08
763.960036 0.737063 11.508138 7.711130457788247e-08
765.960036 0.852135 2.660939 7.711711665836769e-08
767.960036 1.01636 0.137985 7.711923041435625e-08
769.960037 0.750108 12.337924 7.740055753829235e-08
771.960037 0.806765 4.306092 7.741179770184316e-08
773.960037 0.873439 1.788986 7.74158951556787e-08
775.960037 0.93019 0.61569 7.741845509140987e-08
777.960037 0.837721 2.632384 7.74242010150383e-08
779.960037 0.87943 1.474981 7.742781379911044e-08
781.960037 0.946869 1.709375 7.743178254079269e-08
783.960037 0.914161 1.00759 7.743477800121873e-08
785.960037 0.911168 1.201084 7.7438015079703e-08
787.960037 0.832416 5.319207 7.74548871427835e-08
789.960038 0.961777 0.310461 7.745715223040205e-08
791.960038 0.961096 1.441969 7.746071751511943e-08
793.960038 0.898035 2.668997 7.746654840198269e-08
795.960038 0.869614 0.755121 7.746925551061445e-08
797.960038 0.912329 2.139687 7.747397152748271e-08
799.960038 0.841158 3.468803 7.748200661295997e-08
801.960038 0.914396 2.375788 7.748719083251634e-08
803.960038 0.87125 4.247911 7.74981718508235e-08
805.960038 1.062112 0.013305 7.750018254748524e-08
807.960038 0.981225 0.813659 7.750295393883175e-08
809.960038 0.921326 2.249092 7.750788140988791e-08
811.960039 0.846104 4.298869 7.751908907173075e-08
813.960039 0.848372 4.459172 7.753104066232219e-08
815.960039 0.949742 1.128482 7.753418487810915e-08
817.960039 0.890497 3.521156 7.754239039211062e-08
819.960039 0.908483 1.859517 7.754660536095051e-08
821.960039 0.862258 5.120418 7.756218497246725e-08
823.960039 0.924601 3.320623 7.756975662321114e-08
825.960039 0.852784 5.937366 7.759137370868326e-08
827.960039 0.816982 7.705616 7.763529456766219e-08
829.960039 0.819644 5.73232 7.765520570895344e-08
831.96004 0.892544 3.684295 7.766396583311126e-08
833.96004 0.766598 8.634322 7.772769962509836e-08
835.96004 0.827742 6.040683 7.775023090576446e-08
837.96004 0.874624 4.827284 7.776408309620818e-08
839.96004 0.856829 4.35401 7.777554127865478e-08
841.96004 0.81696 8.891033 7.784618380866091e-08
843.96004 0.745748 8.6395 7.791005004311184e-08
845.96004 0.805983 8.635893 7.797382398895967e-08
847.96004 0.793673 9.067895 7.804965730643501e-08
849.96004 0.683195 6.65851 7.807852134004417e-08
851.96004 0.761944 11.805008 7.830572979744198e-08
853.960041 0.744367 12.545296 7.861144538069826e-08
855.960041 0.766367 11.355929 7.880121837685452e-08
857.960041 0.713413 14.143061 7.938132492017687e-08
859.960041 0.658855 13.661037 7.985949408066912e-08
861.960041 0.769017 9.29549 7.994257228371265e-08
863.960041 0.731471 10.932281 8.010270209058607e-08
865.960041 0.715163 11.980474 8.034646927624975e-08
867.960041 0.670234 11.664218 8.056120843794776e-08
869.960041 0.567767 5.296996 8.057793092956988e-08
871.960041 0.602284 7.435685 8.06173469321175e-08
873.960042 0.61292 15.20208 8.150429004341137e-08
875.960042 0.732096 13.70001 8.198998906986706e-08
877.960042 0.767653 8.889829 8.206059750944054e-08
879.960042 0.650833 10.338066 8.21867837989695e-08
881.960042 0.626521 10.34824 8.231348583287969e-08
883.960042 0.775172 12.453075 8.260810485688311e-08
885.960042 0.688153 14.858595 8.33809471442084e-08
887.960042 0.740563 9.230177 8.346187821974877e-08
889.960042 0.788029 8.171056 8.351480915305006e-08
891.960042 0.884279 5.405316 8.353227384008554e-08
893.960042 0.80675 6.087317 8.355523032660545e-08
895.960043 0.78016 10.881316 8.371212151682866e-08
897.960043 0.737133 10.397858 8.384136917405899e-08
899.960043 0.615996 10.618121 8.398254915821019e-08
901.960043 0.685653 10.395097 8.411165382949903e-08
903.960043 0.663435 6.769289 8.41418286700344e-08
905.960043 0.703247 10.092433 8.42561808630191e-08
907.960043 0.786878 7.385669 8.429481437482627e-08
909.960043 0.913148 2.63883 8.430057516657365e-08
911.960043 0.732466 14.064677 8.486273545434796e-08
913.960043 0.75136 11.319694 8.504977156508673e-08
915.960044 0.735485 12.43522 8.53422891743457e-08
917.960044 0.804963 9.202519 8.542232781794503e-08
919.960044 0.768864 10.728306 8.556988408793088e-08
921.960044 0.842635 6.500274 8.559697391436278e-08
923.960044 0.77625 13.656415 8.607425784962037e-08
925.960044 0.764362 14.139612 8.665356281579134e-08
927.960044 0.801988 9.528776 8.674478595326066e-08
929.960044 0.749126 15.067208 8.75850444650191e-08
931.960044 0.853142 6.476893 8.761188154793106e-08
933.960044 0.933253 4.808591 8.762563031570849e-08
935.960044 0.953705 3.455316 8.76336220723664e-08
937.960045 0.866492 6.191061 8.76575534943001e-08
939.960045 0.809322 10.552399 8.779506218112533e-08
941.960045 0.724605 15.633371 8.884942173603637e-08
943.960045 0.748678 17.118298 9.076161800613565e-08
945.960045 0.747342 14.563159 9.144813596205019e-08
947.960045 0.751821 17.104761 9.334998268032651e-08
949.960045 0.764416 16.495567 9.483971238329621e-08
951.960045 0.657326 21.006149 1.039274188553949e-07
953.960045 0.696151 18.941223 1.0789865516072251e-07
955.960045 0.77373 13.586302 1.0836270998996758e-07
957.960046 0.612216 19.315523 1.1297690432584296e-07
959.960046 0.59041 18.806484 1.1673931365531483e-07
961.960046 0.686828 17.539857 1.1900359808978526e-07
963.960046 0.596232 20.709532 1.270724117913093e-07
965.960046 0.60159 20.825213 1.355242494733267e-07
967.960046 0.91987 4.356639 1.3553571973891315e-07
969.960046 0.793081 7.786728 1.3558109231151502e-07
971.960046 0.82509 7.73771 1.356255819399138e-07
973.960046 0.834121 6.035539 1.3564806680287206e-07
975.960046 0.894604 4.7352 1.356614169335538e-07
977.960046 0.84449 4.366506 1.3567293266259763e-07
979.960047 0.899872 6.630698 1.357014766483805e-07
981.960047 0.868517 7.108954 1.3573605344562882e-07
983.960047 0.664618 15.556036 1.367582249750875e-07
985.960047 0.548302 14.271236 1.3736892027841782e-07
987.960047 0.668107 16.787619 1.390436983204098e-07
989.960047 0.691674 15.233886 1.3994202350187573e-07
991.960047 0.608286 15.430382 1.4091397792636657e-07
993.960047 0.62648 10.552929 1.410515158343037e-07
995.960047 0.525189 5.855971 1.4107243889847157e-07
997.960047 0.534504 11.594388 1.4128124972230376e-07
999.960047 0.694619 10.617617 1.4142240118285203e-07
1001.960048 0.673758 12.597261 1.4173455259992933e-07
1003.960048 0.625784 13.561205 1.4219396171286348e-07
1005.960048 0.68786 18.028536 1.4494829124209102e-07
1007.960048 0.658399 18.549255 1.483420374870919e-07
1009.960048 0.552052 18.790527 1.5208045442903932e-07
1011.960048 0.708056 15.842657 1.5322709672870623e-07
1013.960048 0.712741 17.526472 1.5547926321125535e-07
1015.960048 0.566286 21.316835 1.6577241736138482e-07
1017.960048 0.713852 17.997454 1.6849263809530167e-07
1019.960048 0.627664 20.912873 1.7724678464613734e-07
1021.960049 0.691177 17.617734 1.795828786114091e-07
1023.960049 0.664856 19.348974 1.8425936963350219e-07
1025.960049 0.659581 17.570255 1.8655141727306118e-07
1027.960049 0.636373 17.949063 1.8921937343262816e-07
1029.960049 0.671 18.605367 1.926903297133472e-07
1031.960049 0.656728 21.373304 2.0321916694511466e-07
1033.960049 0.595777 22.586157 2.2034109904477563e-07
1035.960049 0.582208 21.94607 2.3358774385480713e-07
1037.960049 0.605975 14.371778 2.3422355795774214e-07
1039.960049 0.643081 17.991336 2.3693711483400292e-07
1041.960049 0.649593 19.250852 2.414332139786895e-07
1043.96005 0.613374 16.72325 2.430653255270685e-07
1045.96005 0.775846 15.408218 2.440286816919495e-07
1047.96005 0.659043 21.366088 2.545271035271056e-07
1049.96005 0.783763 14.006373 2.5507627596447387e-07
1051.96005 0.900961 5.052239 2.5509143549795977e-07
1053.96005 0.879921 6.122673 2.5511471969827753e-07
1055.96005 0.928766 3.630566 2.551232931438188e-07
1057.96005 0.801738 11.276781 2.553071389771204e-07
1059.96005 0.838224 8.188791 2.553604475958164e-07
1061.96005 0.822716 11.601357 2.5556984263760147e-07
1063.960051 0.969158 2.338365 2.5557494965796615e-07
1065.960051 0.99272 1.237143 2.5557823387263607e-07
1067.960051 0.955528 2.956885 2.555847781152781e-07
1069.960051 0.910958 2.862584 2.555910795646324e-07
1071.960051 1.016245 1.426748 2.555946231594478e-07
1073.960051 1.020152 0.79067 2.5559736912569045e-07
1075.960051 0.985253 2.065408 2.5560194677457834e-07
1077.960051 0.832146 8.370654 2.556592873404712e-07
1079.960051 0.836683 5.020413 2.5567425467776097e-07
1081.960051 0.840877 8.853558 2.557438438057679e-07
1083.960051 0.940786 3.885821 2.557533410667516e-07
1085.960052 0.859726 6.355863 2.557789070513452e-07
1087.960052 0.868953 6.380039 2.5580472203512585e-07
1089.960052 0.824532 7.422947 2.5584393726252006e-07
1091.960052 0.838326 7.360015 2.5588217546919854e-07
1093.960052 0.796239 10.93949 2.560427687438396e-07
1095.960052 0.89478 3.264829 2.560501729101252e-07
1097.960052 0.915594 2.442812 2.560554983204269e-07
1099.960052 0.994595 0.356889 2.5605780596373986e-07
1101.960052 0.923722 1.85806 2.5606201847123936e-07
1103.960052 0.963312 2.136217 2.560667279319805e-07
1105.960053 0.924677 2.689741 2.560726075132251e-07
1107.960053 0.982233 1.861501 2.560768258359901e-07
1109.960053 0.925728 3.564973 2.5608517676630873e-07
1111.960053 1.019039 1.759629 2.5608922627803503e-07
1113.960053 0.9532 4.107028 2.5609960426649453e-07
1115.960053 1.139418 0.001445 2.56101605425454e-07
1117.960053 1.060541 0.326644 2.5610388525649204e-07
1119.960053 1.126928 0.003879 2.56105888369155e-07
1121.960053 1.160456 1.13656 2.561090427840975e-07
1123.960053 1.217698 0.153514 2.561111697407425e-07
1125.960053 1.238568 0.034986 2.561131979907249e-07
1127.960054 1.420452 0.0 2.5611519799072493e-07
1129.960054 1.513726 0.0 2.5611719799072493e-07
1131.960054 1.42727 0.009505 2.561192056265231e-07
1133.960054 1.450162 0.021635 2.561212230492571e-07
1135.960054 1.423265 0.003558 2.5612322590415324e-07
1137.960054 1.391139 0.0 2.5612522590415324e-07
1139.960054 1.417692 0.0 2.5612722590415325e-07
1141.960054 1.271944 0.024572 2.561292457037339e-07
1143.960054 1.379152 0.990346 2.561322205271932e-07
1145.960054 1.230565 0.290812 2.5613446784181714e-07
1147.960055 1.100441 1.059576 2.5613752638753794e-07
1149.960055 1.128476 0.454157 2.561399257961626e-07
1151.960055 1.06644 1.096238 2.561430296286465e-07
1153.960055 1.109344 1.200765 2.561462662931685e-07
1155.960055 1.102764 1.576119 2.5615002857524074e-07
1157.960055 1.107202 1.589433 2.5615381099288993e-07
1159.960055 1.11721 1.360999 2.56157262401375e-07
1161.960055 1.085671 2.72025 2.5616321433913796e-07
1163.960055 1.146876 2.699811 2.5616911770506787e-07
1165.960055 1.146846 2.390392 2.5617433236652666e-07
1167.960055 1.171758 1.90753 2.561786292543077e-07
1169.960056 1.078598 2.43176 2.5618393112079884e-07
1171.960056 1.167878 2.880803 2.561902787653283e-07
1173.960056 1.059559 3.137074 2.561973132530341e-07
1175.960056 1.109556 3.183431 2.5620447969830627e-07
1177.960056 1.113993 2.299958 2.5620950868477384e-07
1179.960056 0.965431 4.048356 2.5621964541011957e-07
1181.960056 1.012721 4.251523 2.562306423413304e-07
1183.960056 1.005299 4.65581 2.562435742538747e-07
1185.960056 0.964369 5.821961 2.5626421397072885e-07
1187.960056 1.009291 4.207762 2.5627501965290623e-07
1189.960057 0.94246 6.630903 2.563035659847048e-07
1191.960057 0.966786 6.035771 2.5632605293909155e-07
1193.960057 1.099297 2.607485 2.563317417910551e-07
1195.960057 1.060846 3.126301 2.5633874596246e-07
1197.960057 1.155835 1.309088 2.5634212628413573e-07
1199.960057 1.238561 0.015314 2.56344138600913e-07
1201.960057 1.151187 1.459181 2.5634772857269296e-07
1203.960057 1.243721 1.509793 2.563513921317371e-07
1205.960057 1.243554 1.494306 2.5635503301472385e-07
1207.960057 1.230846 1.514694 2.563587037791867e-07
1209.960057 1.187974 0.731062 2.563613849020807e-07
1211.960058 1.209894 0.995719 2.5636436614044855e-07
1213.960058 1.278522 0.548049 2.5636685758913544e-07
1215.960058 1.27891 0.501372 2.5636930284842486e-07
1217.960058 1.328652 0.81108 2.563720713757959e-07
1219.960058 1.353829 0.79538 2.563748225320796e-07
1221.960058 1.270332 1.039206 2.5637785620191924e-07
1223.960058 1.400065 0.972783 2.563808101527847e-07
1225.960058 1.389938 0.578262 2.5638333196297475e-07
1227.960058 1.388613 0.784251 2.563860708717567e-07
1229.960058 1.441511 0.405924 2.563884243287562e-07
1231.960059 1.347448 2.034458 2.5639294552866055e-07
1233.960059 1.393773 1.307819 2.5639632413102795e-07
1235.960059 1.359074 2.095275 2.5640095692177065e-07
1237.960059 1.33979 2.241107 2.564058686439844e-07
1239.960059 1.344957 2.278178 2.5641085390963845e-07
1241.960059 1.263797 0.902756 2.5641372608346707e-07
1243.960059 1.391133 2.068106 2.5641830868644526e-07
1245.960059 1.299664 1.467806 2.564219110932257e-07
1247.960059 1.286549 1.392154 2.5642540588113305e-07
1249.960059 1.277691 1.393951 2.5642890318770273e-07
1251.960059 1.190862 0.667274 2.564315166152211e-07
1253.96006 1.178467 0.801821 2.56434274884852e-07
1255.96006 1.14335 1.494211 2.5643791562917384e-07
1257.96006 1.179784 0.728887 2.5644059441521573e-07
1259.96006 1.151364 1.044024 2.564436339504766e-07
1261.96006 1.143736 1.896762 2.5644791232867747e-07
1263.96006 1.110871 3.145559 2.5645497078637006e-07
1265.96006 1.110075 1.891312 2.5645923982674227e-07
1267.96006 1.190504 2.046093 2.564637821653323e-07
1269.96006 1.19974 0.78373 2.5646652050208995e-07
1271.96006 1.237387 1.751369 2.564705566260409e-07
1273.960061 1.216387 2.725571 2.564765212742133e-07
1275.960061 1.263162 2.505788 2.5648198284989896e-07
1277.960061 1.258328 1.172057 2.5648518247634574e-07
1279.960061 1.296014 1.615423 2.564890045112977e-07
1281.960061 1.2257 2.342933 2.564941208929591e-07
1283.960061 1.25926 2.417173 2.564993918443901e-07
1285.960061 1.202318 2.662792 2.565052082441712e-07
1287.960061 1.177045 2.79614 2.565113440519698e-07
1289.960061 1.196826 2.714532 2.5651728236118963e-07
1291.960061 1.176047 3.52955 2.5652551553507174e-07
1293.960061 1.150009 3.912674 2.565351155919073e-07
1295.960062 1.162936 3.450288 2.565430912552889e-07
1297.960062 1.229045 2.914974 2.565495264572607e-07
1299.960062 1.215266 3.765377 2.5655857602045604e-07
1301.960062 1.251458 3.10036 2.5656550772629166e-07
1303.960062 1.262398 3.046764 2.565722920789197e-07
1305.960062 1.282129 2.069921 2.565768780176323e-07
1307.960062 1.262526 2.196825 2.565817033114796e-07
1309.960062 1.274859 3.543019 2.565899810633349e-07
1311.960062 1.224618 4.009329 2.565999604214384e-07
1313.960062 1.184618 4.631564 2.566127672394292e-07
1315.960063 1.161599 3.703182 2.566215939465472e-07
1317.960063 1.217944 5.074375 2.5663688861199214e-07
1319.960063 1.189336 3.564944 2.566452394452207e-07
1321.960063 1.264477 4.604924 2.5665791021183453e-07
1323.960063 1.265013 2.969179 2.5666448678910695e-07
1325.960063 1.316465 2.323368 2.566695631960658e-07
1327.960063 1.260516 1.272471 2.5667289425693124e-07
1329.960063 1.247137 2.920914 2.566793448019083e-07
1331.960063 1.199974 6.457623 2.567059753538786e-07
1333.960063 1.190982 6.044483 2.5672854098598266e-07
1335.960063 1.130964 1.409406 2.5673206002924435e-07
1337.960064 1.117389 3.160197 2.56739160031204e-07
1339.960064 1.158643 5.172544 2.567550686468904e-07
1341.960064 1.208694 6.271313 2.5677978255038745e-07
1343.960064 1.24198 5.574706 2.5679847445916173e-07
1345.960064 1.154151 3.862781 2.5680788439864037e-07
1347.960064 1.184566 2.960366 2.5681443778054354e-07
1349.960064 1.153067 2.51568 2.56819921058646e-07
1351.960064 1.124042 4.00172 2.5682987002102194e-07
1353.960064 1.15568 6.657653 2.5685872413928606e-07
1355.960064 1.140639 6.548773 2.5688634584438406e-07
1357.960064 1.119838 3.618855 2.568948791316685e-07
1359.960065 1.196223 3.815515 2.5690411243809223e-07
1361.960065 1.138544 1.945381 2.569084750273736e-07
1363.960065 1.140708 3.092509 2.569153849497726e-07
1365.960065 1.125688 2.972458 2.5692197017814686e-07
1367.960065 1.148685 5.623087 2.5694102818019694e-07
1369.960065 1.106664 3.874012 2.5695048058436414e-07
1371.960065 1.24573 4.521746 2.5696273578983447e-07
1373.960065 1.208749 6.171243 2.569864778253693e-07
1375.960065 1.219595 6.265416 2.570111333704096e-07
1377.960065 1.218068 5.478399 2.570291173350792e-07
1379.960066 1.23033 6.873681 2.570605818392178e-07
1381.960066 1.262746 5.799045 2.570810328031461e-07
1383.960066 1.281034 5.305725 2.570978139180608e-07
1385.960066 1.315789 4.024786 2.5710785530858464e-07
1387.960066 1.18807 7.963837 2.5715656666472244e-07
1389.960066 1.221548 5.562699 2.5717516881245306e-07
1391.960066 1.178168 7.23368 2.572115185321814e-07
1393.960066 1.175489 8.173847 2.5726450872484544e-07
1395.960066 1.202108 7.338591 2.573024199080597e-07
1397.960066 1.129789 7.213918 2.573384827761802e-07
1399.960066 1.10192 5.441659 2.5735620378994336e-07
1401.960067 1.152414 7.980984 2.5740525115945713e-07
1403.960067 1.125737 7.322422 2.574429173865799e-07
1405.960067 1.215874 6.758613 2.5747296335200126e-07
1407.960067 1.257128 6.600554 2.575011644606565e-07
1409.960067 1.2549 4.212158 2.5751198920346255e-07
1411.960067 1.249592 8.388852 2.5756974963992755e-07
1413.960067 1.348992 2.382121 2.575749470386797e-07
1415.960067 1.17052 8.866646 2.5764490226620797e-07
1417.960067 1.278978 5.371836 2.5766213410151113e-07
1419.960067 1.137843 7.209955 2.576981397185137e-07
1421.960068 1.147721 8.654679 2.5776239578826083e-07
1423.960068 1.132729 8.185916 2.5781564299829846e-07
1425.960068 1.134074 8.895225 2.578864043503711e-07
1427.960068 1.134098 8.723488 2.579524576681082e-07
1429.960068 1.139697 8.552668 2.5801413886761637e-07
1431.960068 1.20053 8.852698 2.580837040067654e-07
1433.960068 1.329449 3.87378 2.5809315553179943e-07
1435.960068 1.251994 6.403607 2.581192155869231e-07
1437.960068 1.312279 4.303065 2.5813044211826757e-07
1439.960068 1.248539 5.36305 2.5814761336333017e-07
1441.960068 1.293863 5.923064 2.581691068557592e-07
1443.960069 1.315492 4.261118 2.5818014617045373e-07
1445.960069 1.340998 3.765281 2.581891953853638e-07
1447.960069 1.233359 7.899286 2.582366623118456e-07
1449.960069 1.170655 10.315052 2.583616896988625e-07
1451.960069 1.303335 5.110046 2.583772046614863e-07
1453.960069 1.273534 4.791103 2.583908573727175e-07
1455.960069 1.267356 6.078601 2.5841373378207503e-07
1457.960069 1.31268 3.078808 2.5842060585343374e-07
1459.960069 1.258484 7.323641 2.58458290492793e-07
1461.960069 1.311167 5.033874 2.5847333882147245e-07
1463.96007 1.241067 7.724673 2.5851759652539683e-07
1465.96007 1.280281 3.73173 2.5852652483554095e-07
1467.96007 1.280144 5.024756 2.585415182558046e-07
1469.96007 1.228364 7.247696 2.585780728040858e-07
1471.96007 1.27855 5.058358 2.5859326957191404e-07
1473.96007 1.257654 7.228243 2.58629540145135e-07
1475.96007 1.178586 11.282496 2.5881380768682415e-07
1477.96007 1.251781 8.494743 2.588740729931735e-07
1479.96007 1.287978 7.445969 2.5891365184087157e-07
1481.96007 1.205496 11.583503 2.5912155342420334e-07
1483.96007 1.128443 8.582321 2.5918397227324317e-07
1485.960071 1.238931 10.831268 2.5933774686981514e-07
1487.960071 1.280069 8.564206 2.593997140474241e-07
1489.960071 1.240916 10.187251 2.595184968196494e-07
1491.960071 1.305217 5.801307 2.595389663380203e-07
1493.960071 1.345666 3.664172 2.5954765607445286e-07
1495.960071 1.197518 11.26189 2.5973040763259417e-07
1497.960071 1.346546 1.873687 2.5973464661424376e-07
1499.960071 1.33545 3.700186 2.5974346272579176e-07
1501.960071 1.448056 1.02596 2.59746480328253e-07
1503.960071 1.351132 5.325476 2.597633948490782e-07
1505.960072 1.387878 4.546006 2.5977576983051323e-07
1507.960072 1.360655 4.648975 2.5978866635546823e-07
1509.960072 1.416925 1.679912 2.5979258849435346e-07
1511.960072 1.390987 2.235267 2.5979748873019383e-07
1513.960072 1.300483 4.858956 2.59811517931e-07
1515.960072 1.28664 5.776601 2.5983178570305046e-07
1517.960072 1.403366 3.565853 2.598401395800882e-07
1519.960072 1.329805 4.40691 2.5985184336312223e-07
1521.960072 1.364372 4.907208 2.5986614659527374e-07
1523.960072 1.305304 7.707386 2.5991009863185994e-07
1525.960072 1.220055 11.958679 2.6015174511035515e-07
1527.960073 1.290084 10.069929 2.6026507025431836e-07
1529.960073 1.211489 12.075831 2.605183369294194e-07
1531.960073 1.284624 7.360671 2.6055658519389934e-07
1533.960073 1.181014 7.126144 2.6059140110381567e-07
1535.960073 1.16762 9.6764 2.606881861199301e-07
1537.960073 1.128259 5.786499 2.6070853447805834e-07
1539.960073 1.161192 9.310965 2.6079212970454225e-07
1541.960073 1.157495 7.867708 2.6083899949376644e-07
1543.960073 1.218859 8.918308 2.6091041872182057e-07
1545.960073 1.116046 8.87225 2.609805312935877e-07
1547.960074 1.09365 6.857697 2.6101179481432363e-07
1549.960074 1.086543 5.374063 2.610290420414559e-07
1551.960074 1.150972 11.230323 2.6120949536799914e-07
1553.960074 1.203509 13.316707 2.6162600931690935e-07
1555.960074 1.112008 9.087992 2.6170245609490754e-07
1557.960074 1.112734 7.019387 2.6173581333160564e-07
1559.960074 1.110876 6.03199 2.6175826622535337e-07
1561.960074 1.060171 2.96098 2.617648212206188e-07
1563.960074 1.10611 8.97088 2.6183776169307115e-07
1565.960074 1.05092 3.604989 2.618462476755137e-07
1567.960074 1.072665 4.252189 2.6185724754334835e-07
1569.960075 1.091812 8.978266 2.6193040432033447e-07
1571.960075 1.074237 6.272786 2.6195513282262365e-07
1573.960075 1.117363 9.747468 2.6205471507017885e-07
1575.960075 1.092153 6.992821 2.620877189202185e-07
1577.960075 1.02461 4.472317 2.620997336611575e-07
1579.960075 1.13055 9.94652 2.6220758841246354e-07
1581.960075 1.06386 6.257632 2.622321671356896e-07
1583.960075 1.130132 11.885717 2.624668475817326e-07
1585.960075 1.155049 8.389627 2.625246259673618e-07
1587.960075 1.260119 10.557653 2.6266242460362305e-07
1589.960076 1.27483 11.31654 2.6284922436349534e-07
1591.960076 1.419368 2.819226 2.628554172240142e-07
1593.960076 1.381558 5.468081 2.628733269504515e-07
1595.960076 1.454554 2.077771 2.6287792734442936e-07
1597.960076 1.469285 2.132397 2.628826295983015e-07
1599.960076 1.430757 2.369536 2.6288780084000676e-07
1601.960076 1.402373 4.372446 2.628993440252039e-07
1603.960076 1.525075 1.295073 2.6290270540704404e-07
1605.960076 1.69324 0.0 2.6290470540704404e-07
1607.960076 1.659869 0.0 2.6290670540704404e-07
1609.960076 1.711721 0.0 2.6290870540704404e-07
1611.960077 1.680113 0.868243 2.6291153811361744e-07
1613.960077 1.582594 0.114725 2.6291363225020227e-07
1615.960077 1.736188 1.260283 2.629169470743216e-07
1617.960077 1.87831 0.0 2.629189470743216e-07
1619.960077 1.753414 1.076741 2.6292202674026796e-07
1621.960077 1.731272 2.232846 2.629269222222568e-07
1623.960077 1.828687 0.0 2.629289222222568e-07
1625.960077 1.845252 0.0 2.629309222222568e-07
1627.960077 1.84657 0.0 2.629329222222568e-07
1629.960077 2.111112 0.0 2.629349222222568e-07
1631.960078 1.942627 0.0 2.629369222222568e-07
1633.960078 2.031575 0.226982 2.629391127577973e-07
1635.960078 2.004336 0.046608 2.6294115048015957e-07
1637.960078 1.967892 0.0 2.6294315048015957e-07
1639.960078 1.945061 0.0 2.6294515048015957e-07
1641.960078 1.87379 0.026736 2.6294717203280725e-07
1643.960078 2.083908 1.303712 2.6295054507678626e-07
1645.960078 1.989509 0.441695 2.629529325275881e-07
1647.960078 2.167704 0.042443 2.629549668502388e-07
1649.960078 2.134835 0.474417 2.6295738582716797e-07
1651.960078 2.254748 0.0 2.6295938582716797e-07
1653.960079 2.165086 0.463233 2.629617939822796e-07
1655.960079 2.187716 0.115559 2.629638888191711e-07
1657.960079 2.21865 0.046556 2.62965926499053e-07
1659.960079 2.211793 0.124176 2.6296802858533134e-07
1661.960079 2.186769 1.611426 2.629718445006489e-07
1663.960079 2.006003 0.090226 2.629739181696341e-07
1665.960079 2.043531 0.235304 2.629761160257849e-07
1667.960079 1.972206 0.901586 2.6297898685270115e-07
1669.960079 1.912188 1.239434 2.6298227408524215e-07
1671.960079 2.066901 0.334085 2.6298456072752524e-07
1673.96008 2.112221 0.541299 2.6298704544314697e-07
1675.96008 2.200284 0.919867 2.6298993738763577e-07
1677.96008 2.316993 0.011737 2.6299194682072343e-07
1679.96008 2.278383 0.500101 2.629943908343388e-07
1681.96008 2.209676 0.545492 2.629968797302969e-07
1683.96008 2.278219 1.048494 2.6299992471746555e-07
1685.96008 2.392881 0.0 2.6300192471746555e-07
1687.96008 2.383096 0.0 2.6300392471746555e-07
1689.96008 2.671662 0.0 2.6300592471746555e-07
1691.96008 2.649123 0.571887 2.630084400906733e-07
1693.96008 2.490244 0.0 2.630104400906733e-07
1695.960081 2.566894 0.0 2.630124400906733e-07
1697.960081 2.472794 0.0 2.630144400906733e-07
1699.960081 2.55681 0.0 2.6301644009067333e-07
1701.960081 2.639042 0.090517 2.6301851400159554e-07
1703.960081 2.661252 0.275412 2.6302074748408446e-07
1705.960081 2.795452 0.131431 2.630228556933633e-07
1707.960081 2.624906 0.137847 2.6302496933241094e-07
1709.960081 2.61948 0.28522 2.630272116144755e-07
1711.960081 2.623364 1.508717 2.630308735934858e-07
1713.960081 2.585831 1.605779 2.63034680879622e-07
1715.960082 2.671685 1.338498 2.6303810129355245e-07
1717.960082 2.765744 0.065262 2.630401543122196e-07
1719.960082 2.628757 0.832925 2.6304294719237315e-07
1721.960082 2.824736 0.0 2.6304494719237315e-07
1723.960082 2.726973 0.984126 2.630479146069143e-07
1725.960082 2.705901 1.423376 2.630514534145173e-07
1727.960082 2.746701 0.822455 2.6305423459611063e-07
1729.960082 2.887102 0.0 2.6305623459611063e-07
1731.960082 2.971295 0.004069 2.6305823786136155e-07
