1.96 0.70268 0.0 2e-12
3.96 0.684346 0.0 4e-12
5.96 0.670627 0.0 6e-12
7.96 0.666598 0.0 8e-12
9.96 0.709198 0.0 1e-11
11.960001 0.675461 1.256231 1.3309443629497967e-11
13.960001 0.651731 0.274347 1.5541972698917224e-11
15.960001 0.669662 0.997549 1.8525399088869037e-11
17.960001 0.686093 1.374465 2.1995490822358747e-11
19.960001 0.695495 1.45685 2.558210928238862e-11
21.960001 0.641557 0.949223 2.8508290285930006e-11
23.960001 0.638633 0.687566 3.114306533491449e-11
25.960001 0.637305 0.967177 3.409038468150161e-11
27.960001 0.628016 1.340663 3.7513768702258206e-11
29.960001 0.657437 1.145325 4.067928762301489e-11
31.960002 0.630083 1.634705 4.4530982566384497e-11
33.960002 0.619187 2.291418 4.954278046648216e-11
35.960002 0.6857 3.470093 5.758202253300751e-11
37.960002 0.666759 2.582652 6.321451873220194e-11
39.960002 0.715667 3.0847 7.010284213629825e-11
41.960002 0.670713 3.104045 7.704479606472585e-11
43.960002 0.72996 3.69773 8.585223127918797e-11
45.960002 0.676445 1.86324 9.007349599481938e-11
47.960002 0.772017 2.577615 9.569462955987508e-11
49.960002 0.703528 4.037525 1.0578743430554058e-10
51.960002 0.810812 0.023199 1.0780612240046732e-10
53.960003 0.785784 0.60272 1.1035278158873671e-10
55.960003 0.839505 0.005914 1.1235752915308114e-10
57.960003 0.819346 0.010537 1.1436599575616895e-10
59.960003 0.732385 3.508792 1.225309370993314e-10
61.960003 0.752954 1.909585 1.268313663974659e-10
63.960003 0.793458 2.235713 1.3173247850243854e-10
65.960003 0.762345 3.219932 1.3900456529706514e-10
67.960003 0.674168 4.844396 1.5295211313447733e-10
69.960003 0.622923 2.275949 1.579329258271454e-10
71.960003 0.804887 0.75864 1.606438563290778e-10
73.960004 0.569019 1.410361 1.6416424717434104e-10
75.960004 0.699897 6.299544 1.8915945226859156e-10
77.960004 0.590946 2.696176 1.9505422148797937e-10
79.960004 0.574632 2.419151 2.0032935441903917e-10
81.960004 0.549301 1.736359 2.0434126341178297e-10
83.960004 0.56733 3.488363 2.1243960578441123e-10
85.960004 0.629895 5.402518 2.298847129613331e-10
87.960004 0.581488 2.98366 2.364995819067839e-10
89.960004 0.5899 2.215997 2.4136210685564436e-10
91.960004 0.624718 5.324824 2.5827220693928e-10
93.960004 0.642904 4.372493 2.6981560964287464e-10
95.960005 0.571294 2.322839 2.7489094011014775e-10
97.960005 0.588606 2.986593 2.815135918088254e-10
99.960005 0.673163 6.583676 3.095245211600922e-10
101.960005 0.600229 4.858271 3.235498697695026e-10
103.960005 0.653876 6.103524 3.4665600201833407e-10
105.960005 0.605733 4.805112 3.6038560695172185e-10
107.960005 0.57431 2.416123 3.656543400254524e-10
109.960005 0.616574 5.385636 3.829817751632812e-10
111.960005 0.658412 8.133369 4.351189854707576e-10
113.960005 0.577328 3.143793 4.42172447520595e-10
115.960006 0.521993 0.953067 4.4510314150866305e-10
117.960006 0.611904 6.275536 4.698589219235221e-10
119.960006 0.699315 6.304502 4.949038594288661e-10
121.960006 0.606248 7.006168 5.280847836786511e-10
123.960006 0.589784 6.222847 5.523231212927893e-10
125.960006 0.615671 6.936881 5.845950391449672e-10
127.960006 0.706764 7.894857 6.319777571385686e-10
129.960006 0.718514 7.234969 6.68346266175343e-10
131.960006 0.778189 1.089552 6.714417900695891e-10
133.960006 0.846609 0.102668 6.735258285549378e-10
135.960006 0.715415 9.165019 7.523701676537807e-10
137.960007 0.653697 7.705105 7.962820297546776e-10
139.960007 0.601285 6.064485 8.190293422169039e-10
141.960007 0.678479 8.128514 8.710651709507493e-10
143.960007 0.617288 8.853639 9.406565587995987e-10
145.960007 0.637491 8.438483 9.995777913292113e-10
147.960007 0.602231 5.37174 1.0168089634407798e-09
149.960007 0.535187 1.638426 1.0206664085466983e-09
151.960007 0.640621 8.626985 1.0842130055113574e-09
153.960007 0.629211 7.095096 1.1185982342817146e-09
155.960007 0.575633 5.354713 1.1357121825141228e-09
157.960008 0.583684 3.53197 1.1439533480735267e-09
159.960008 0.59841 6.106376 1.1670859147356586e-09
161.960008 0.559998 2.908334 1.1735040087985222e-09
163.960008 0.550997 3.825356 1.18277381566e-09
165.960008 0.606473 5.755121 1.2028678011215458e-09
167.960008 0.534934 2.796929 1.2090055500832112e-09
169.960008 0.584148 7.15025 1.2441595620134907e-09
171.960008 0.627768 7.300431 1.2814951694959728e-09
173.960008 0.800242 1.222185 1.2847597483873892e-09
175.960008 0.601356 7.491364 1.3250654943990452e-09
177.960008 0.591559 8.926422 1.3967174250939525e-09
179.960009 0.577953 6.971089 1.4294349770996239e-09
181.960009 0.561996 9.387072 1.5156201638108902e-09
183.960009 0.6436 9.418235 1.6028888587931475e-09
185.960009 0.623859 8.127816 1.6549101281856873e-09
187.960009 0.693208 7.716639 1.6990255120630597e-09
189.960009 0.765461 4.066094 1.7092345796630433e-09
191.960009 0.819261 1.248359 1.7125335953281124e-09
193.960009 0.645774 8.570021 1.7746454042593768e-09
195.960009 0.826257 3.254747 1.7820197036519717e-09
197.960009 0.667831 9.913053 1.8884370126902787e-09
199.960009 0.744596 7.076251 1.9225634361914186e-09
201.96001 0.779917 4.865358 1.936628690764444e-09
203.96001 0.720215 10.363233 2.064094600216906e-09
205.96001 0.679724 6.126759 2.0874169738641777e-09
207.96001 0.748127 5.210037 2.1035665219775943e-09
209.96001 0.645151 10.377122 2.2317441680340115e-09
211.96001 0.671239 5.609621 2.25069956029316e-09
213.96001 0.67095 10.946751 2.4117610017750054e-09
215.96001 0.723684 9.857023 2.5158145209361047e-09
217.96001 0.692966 9.118988 2.5932171948675476e-09
219.96001 0.790519 3.797859 2.6023853747511687e-09
221.960011 0.653874 10.288772 2.7261024058207644e-09
223.960011 0.654206 10.394843 2.8551939309726208e-09
225.960011 0.682741 10.349894 2.981980009070286e-09
227.960011 0.702312 8.776436 3.049450446019925e-09
229.960011 0.625533 5.705386 3.0691477423876467e-09
231.960011 0.67713 9.492477 3.1590529629075615e-09
233.960011 0.66174 10.764672 3.308776275856439e-09
235.960011 0.717064 10.748542 3.457534505215633e-09
237.960011 0.760548 5.178139 3.4734788452444898e-09
239.960011 0.745675 2.350802 3.47861139326771e-09
241.960011 0.696431 10.406057 3.6082845922004045e-09
243.960012 0.746149 4.270565 3.619365796213892e-09
245.960012 0.734299 7.351361 3.6574715669596637e-09
247.960012 0.803317 3.0485 3.6642606429783133e-09
249.960012 0.659404 9.333222 3.748605128075375e-09
251.960012 0.619136 7.171171 3.784055230523925e-09
253.960012 0.589473 7.483374 3.824232073559732e-09
255.960012 0.717527 7.153671 3.8594343325012484e-09
257.960012 0.743886 7.554508 3.9007734400894674e-09
259.960012 0.819874 2.00138 3.905235079116316e-09
261.960012 0.88632 0.267524 3.907461509682785e-09
263.960013 0.890105 0.214944 3.909641498885504e-09
265.960013 0.833974 2.494123 3.915077592649333e-09
267.960013 0.805303 2.486689 3.920497509074607e-09
269.960013 0.827254 1.174396 3.923700137293589e-09
271.960013 0.826844 3.692789 3.932490143252775e-09
273.960013 0.646217 12.476142 4.229846364939987e-09
275.960013 0.545089 6.172693 4.253602206122393e-09
277.960013 0.504738 4.030516 4.2636666902653835e-09
279.960013 0.524227 7.691175 4.3073340036223e-09
281.960013 0.589304 10.517957 4.442957009749535e-09
283.960013 0.579767 10.720277 4.590039076040784e-09
285.960014 0.627422 12.506286 4.8910106395368574e-09
287.960014 0.728463 8.729185 4.957214993630621e-09
289.960014 0.754406 6.635704 4.985816323142265e-09
291.960014 0.76293 9.65085 5.08161501153287e-09
293.960014 0.935019 0.084686 5.083684079948626e-09
295.960014 0.870213 1.209931 5.086932660191841e-09
297.960014 0.765044 7.012328 5.120195629071344e-09
299.960014 0.696039 11.819025 5.348684484492214e-09
301.960014 0.701966 12.213567 5.616329740786198e-09
303.960014 0.671625 13.357013 6.039628808388199e-09
305.960015 0.799328 5.226745 6.055886895242205e-09
307.960015 0.87277 1.434303 6.059441239377622e-09
309.960015 0.786882 5.281415 6.0760595987639706e-09
311.960015 0.732313 11.561251 6.282114739927867e-09
313.960015 0.822601 4.515186 6.294337757096287e-09
315.960015 0.740096 11.672925 6.50982781966475e-09
317.960015 0.822358 7.031503 6.543347479958983e-09
319.960015 0.693324 13.207817 6.942069743347417e-09
321.960015 0.807333 6.519348 6.96936751749707e-09
323.960015 0.719772 13.149063 7.358807650452523e-09
325.960015 0.629064 9.276267 7.44124805946682e-09
327.960016 0.613484 10.262119 7.56365016262927e-09
329.960016 0.754934 8.494313 7.623905080714495e-09
331.960016 0.71958 11.481811 7.823501153156728e-09
333.960016 0.663756 10.28603 7.947082258129373e-09
335.960016 0.732012 12.642508 8.264947733570812e-09
337.960016 0.689508 8.515352 8.325713033299374e-09
339.960016 0.657362 9.873127 8.43044051821855e-09
341.960016 0.637792 14.627335 9.13485085049417e-09
343.960016 0.656757 12.975482 9.498111333328813e-09
345.960016 0.68389 12.362874 9.782266595332217e-09
347.960017 0.699595 10.465505 9.915067440694457e-09
349.960017 0.651856 11.567091 1.0121605584383119e-08
351.960017 0.665986 14.994535 1.0937736206457849e-08
353.960017 0.732569 8.299145 1.0993456243176478e-08
355.960017 0.633123 8.460798 1.1052906965277011e-08
357.960017 0.71795 11.255452 1.1235187441638649e-08
359.960017 0.620632 12.533803 1.153949763953566e-08
361.960017 0.60345 15.130857 1.2401473255255566e-08
363.960017 0.562111 10.762896 1.2551090001292819e-08
365.960017 0.560294 8.642525 1.2615033736270371e-08
367.960017 0.74054 8.507728 1.267561358909873e-08
369.960018 0.705145 9.552367 1.2767703591243304e-08
371.960018 0.683311 8.458756 1.2827105663695204e-08
373.960018 0.586143 7.365166 1.2865422916785641e-08
375.960018 0.689646 14.848401 1.363511315517085e-08
377.960018 0.63707 15.33468 1.4570482272288474e-08
379.960018 0.783596 4.590508 1.4583080019569176e-08
381.960018 0.616022 10.098495 1.4697710461073745e-08
383.960018 0.615227 8.282859 1.4753067876422952e-08
385.960018 0.58898 11.437989 1.4949187951859055e-08
387.960018 0.522658 7.449091 1.498881636881928e-08
389.960019 0.563109 10.949072 1.5150027748878996e-08
391.960019 0.534903 8.978481 1.5223190831899494e-08
393.960019 0.533171 9.073113 1.5299182953968298e-08
395.960019 0.546747 12.912965 1.5653451986202938e-08
397.960019 0.664548 10.680631 1.5798214752967598e-08
399.960019 0.535725 9.710484 1.589633136934642e-08
401.960019 0.516171 7.246261 1.593286489374149e-08
403.960019 0.6055 16.065557 1.7186691673670526e-08
405.960019 0.630795 15.784396 1.8306861873849658e-08
407.960019 0.636726 16.199011 1.962959885282891e-08
409.960019 0.620589 16.210089 2.095822351200288e-08
411.96002 0.645325 15.715073 2.2047690419861418e-08
413.96002 0.602402 16.299036 2.342454811398633e-08
415.96002 0.604649 13.41743 2.385822536501324e-08
417.96002 0.589224 14.083111 2.442455559578125e-08
419.96002 0.519317 7.526278 2.4465429480245227e-08
421.96002 0.646335 14.125936 2.5041566915213178e-08
423.96002 0.593996 12.59316 2.5353205538562415e-08
425.96002 0.520481 7.781132 2.539847643278197e-08
427.96002 0.546016 12.847562 2.574357705202458e-08
429.96002 0.659808 14.544675 2.6425026451311726e-08
431.960021 0.753007 10.243849 2.6546535285033138e-08
433.960021 0.855227 1.907152 2.655083152169948e-08
435.960021 0.960447 0.046666 2.6552869291444748e-08
437.960021 0.836136 4.546982 2.656524911598534e-08
439.960021 0.715346 13.277375 2.6975246772183723e-08
441.960021 0.626684 12.346187 2.7257507394339997e-08
443.960021 0.925386 0.605172 2.7260056558191644e-08
445.960021 0.793779 7.752476 2.730481033763872e-08
447.960021 0.847461 4.341684 2.73162120381098e-08
449.960021 0.787497 8.395981 2.73741377942121e-08
451.960021 0.861717 2.27773 2.7379122164559337e-08
453.960022 0.823582 6.701352 2.7408486240007906e-08
455.960022 0.847448 4.682215 2.742155577658055e-08
457.960022 0.889812 2.625593 2.7427286077832167e-08
459.960022 0.693408 14.674332 2.8145094356718504e-08
461.960022 0.769364 10.154038 2.826230597778182e-08
463.960022 0.710657 17.324193 3.033904189183956e-08
465.960022 0.711598 16.87952 3.207667599877857e-08
467.960022 0.721573 15.987173 3.329171422156306e-08
469.960022 0.583419 15.58061 3.4324005862542096e-08
471.960022 0.711604 12.204976 3.4590730880803736e-08
473.960023 0.802631 8.678474 3.465560286104677e-08
475.960023 0.709196 15.903261 3.5830445898301076e-08
477.960023 0.813622 5.954992 3.585221627978327e-08
479.960023 0.942798 0.380142 3.585454553625047e-08
481.960023 0.868038 3.742903 3.5863513929069785e-08
483.960023 0.905705 1.874525 3.5867754335090325e-08
485.960023 0.943938 1.266502 3.5871077434193495e-08
487.960023 1.069509 0.0 3.58730774341935e-08
489.960023 1.04826 0.003781 3.58750804681578e-08
491.960023 0.958058 1.096083 3.5878184107773333e-08
493.960023 0.862269 4.210584 3.588900202200745e-08
495.960024 0.855912 3.365503 3.58967111405402e-08
497.960024 0.838347 3.960774 3.590649811816139e-08
499.960024 0.816658 9.456033 3.5995099311230716e-08
501.960024 0.705444 17.810483 3.85188720031861e-08
503.960024 0.651239 17.904546 4.1139634958973704e-08
505.960024 0.787092 9.183599 4.121906879198491e-08
507.960024 0.763835 11.896267 4.1454743939411555e-08
509.960024 0.67807 15.981255 4.2666902812600955e-08
511.960024 0.513919 3.43445 4.2674827994316046e-08
513.960024 0.58208 7.266662 4.2711661548833966e-08
515.960025 0.590124 8.032063 4.2761723663588246e-08
517.960025 0.588777 4.435908 4.2773564303238215e-08
519.960025 0.592236 12.219502 4.304184714975141e-08
521.960025 0.593541 7.920961 4.308972834588229e-08
523.960025 0.620439 9.816415 4.319210158143698e-08
525.960025 0.592081 12.42953 4.348395267003013e-08
527.960025 0.581742 8.152391 4.35364890022685e-08
529.960025 0.613023 14.695837 4.4260512636848476e-08
531.960025 0.575149 11.069078 4.442966972088025e-08
533.960025 0.620549 18.712251 4.805259134588073e-08
535.960025 0.620541 15.722233 4.914519006173396e-08
537.960026 0.56537 13.707254 4.9632301694212796e-08
539.960026 0.562319 12.293693 4.990868413951052e-08
541.960026 0.561524 15.36502 5.085550013724071e-08
543.960026 0.551102 8.092525 5.090679056912176e-08
545.960026 0.583259 13.616104 5.137642311345706e-08
547.960026 0.571553 8.332483 5.143289287352293e-08
549.960026 0.674916 16.311131 5.281644313713917e-08
551.960026 0.541667 5.453156 5.283424601980223e-08
553.960026 0.576639 11.140284 5.300830162548047e-08
555.960026 0.558094 9.707121 5.3106286044954736e-08
557.960027 0.601223 15.290726 5.4025316925472106e-08
559.960027 0.610773 16.419003 5.5470013888173537e-08
561.960027 0.754994 15.140013 5.633515938290088e-08
563.960027 0.521909 4.760001 5.6348642914915116e-08
565.960027 0.550605 8.392248 5.64064820447994e-08
567.960027 0.731405 17.542256 5.8672945265820225e-08
569.960027 0.840346 11.622652 5.8884135635621464e-08
571.960027 0.696797 20.033475 6.503732099183486e-08
573.960027 0.696376 19.594328 7.019719622238726e-08
575.960027 0.588356 8.167512 7.025005200389196e-08
577.960027 0.658248 20.531146 7.776196468076011e-08
579.960028 0.630567 19.869574 8.352382669828645e-08
581.960028 0.574099 6.213478 8.354797416490438e-08
583.960028 0.626068 18.098276 8.638039952821748e-08
585.960028 0.611708 19.620515 9.15947314527232e-08
587.960028 0.641755 20.672407 9.954434061422696e-08
589.960028 0.569787 8.321663 9.960056594897425e-08
591.960028 0.578933 14.29681 1.0021755480838878e-07
593.960028 0.638973 20.437431 1.0745247287465179e-07
595.960028 0.624484 18.062196 1.1024422278478654e-07
597.960028 0.584538 12.340783 1.1052587254951176e-07
599.960028 0.597393 12.812221 1.1086611809143967e-07
601.960029 0.682752 17.638156 1.1322141696525464e-07
603.960029 0.643597 20.014204 1.1932724662100325e-07
605.960029 0.623315 18.80382 1.2308563977241804e-07
607.960029 0.565061 13.304358 1.2350009673539394e-07
609.960029 0.56966 13.973754 1.2404213428113394e-07
611.960029 0.569335 5.040027 1.2405721977664516e-07
613.960029 0.573773 12.878205 1.2440658611251262e-07
615.960029 0.524213 1.83297 1.2441075645972735e-07
617.960029 0.524593 6.896371 1.2444250848963863e-07
619.960029 0.556664 7.66828 1.244857768239477e-07
621.96003 0.556881 9.889606 1.2459119848792275e-07
623.96003 0.604453 15.764362 1.257024077523495e-07
625.96003 0.598999 12.27376 1.2597659034504905e-07
627.96003 0.556782 11.054924 1.2614479027387593e-07
629.96003 0.55136 9.999723 1.262549702228096e-07
631.96003 0.562878 14.669508 1.269713916166546e-07
633.96003 0.670282 22.009095 1.4055700668788284e-07
635.96003 0.621241 18.825587 1.4434834121290653e-07
637.96003 0.617651 21.558995 1.5569091095015297e-07
639.96003 0.653312 19.528869 1.6071713677863666e-07
641.96003 0.654698 19.853277 1.6644147583256716e-07
643.960031 0.63197 18.736505 1.700997971976143e-07
645.960031 0.663222 16.219875 1.7143364466792527e-07
647.960031 0.759605 7.631012 1.714762713340727e-07
649.960031 0.691372 14.011841 1.7202664896815787e-07
651.960031 0.707376 18.068774 1.748257709194803e-07
653.960031 0.626332 22.387088 1.9063433604780404e-07
655.960031 0.699192 20.641344 1.9848555942521396e-07
657.960031 0.6414 22.729005 2.1661666692469652e-07
659.960031 0.692578 20.851243 2.2515716669329388e-07
661.960031 0.712441 21.051929 2.3441320497531185e-07
663.960032 0.707303 18.643591 2.3793776088061688e-07
665.960032 0.692197 21.153565 2.475787412265022e-07
667.960032 0.692719 15.926171 2.487644246687976e-07
669.960032 0.647716 12.029276 2.490130081473807e-07
671.960032 0.694196 18.904249 2.5292581229473785e-07
673.960032 0.595898 16.582971 2.5446866891821126e-07
675.960032 0.640426 17.928789 2.571150278034427e-07
677.960032 0.681438 16.70363 2.587343518263034e-07
679.960032 0.669719 18.357177 2.6187656949481156e-07
681.960032 0.591376 14.38591 2.625159961092177e-07
683.960032 0.594878 13.181347 2.6291050949124407e-07
685.960033 0.639939 14.739201 2.6364723030472584e-07
687.960033 0.601332 12.985048 2.6401188659712245e-07
689.960033 0.67177 16.088129 2.652771111154915e-07
691.960033 0.560889 12.627416 2.6559305915190934e-07
693.960033 0.690872 11.222017 2.657729125789182e-07
695.960033 0.661549 16.892296 2.6751946967841636e-07
697.960033 0.730565 14.677807 2.68238278672325e-07
699.960033 0.715703 14.958202 2.6904260754585647e-07
701.960033 0.620618 10.633529 2.69184662324502e-07
703.960033 0.685186 12.220643 2.694530679212912e-07
705.960034 0.606364 13.116688 2.6983748601984246e-07
707.960034 0.602477 9.727303 2.699362664592954e-07
709.960034 0.660258 21.57037 2.8133068014792967e-07
711.960034 0.906344 1.73391 2.8133468811986935e-07
713.960034 0.960076 0.911686 2.8133757059481716e-07
715.960034 0.840569 4.418346 2.813493281603473e-07
717.960034 0.82843 3.553547 2.813576409244284e-07
719.960034 0.781682 8.999114 2.8143141171752064e-07
721.960034 0.881265 3.734419 2.8144034965794174e-07
723.960034 0.876637 2.444701 2.81445679102784e-07
725.960034 0.918568 1.572385 2.8144943575697104e-07
727.960035 0.980308 0.759403 2.814521475168537e-07
729.960035 0.888946 2.358932 2.814572968210994e-07
731.960035 0.882021 4.021035 2.814673231226737e-07
733.960035 0.796897 12.915231 2.8182191413941366e-07
735.960035 0.786601 10.302986 2.819463381851044e-07
737.960035 0.825784 5.928342 2.8196787720573864e-07
739.960035 0.811816 8.954743 2.8204034731654923e-07
741.960035 0.799697 11.386875 2.8223248939610483e-07
743.960035 0.722795 20.302435 2.890862539773794e-07
745.960035 0.712757 19.719783 2.94512286983392e-07
747.960036 0.647607 22.912928 3.1403083686694714e-07
749.960036 0.691399 20.148616 3.2047471675655815e-07
751.960036 0.750553 11.028446 3.206411406461844e-07
753.960036 0.80541 13.51406 3.2109194810360176e-07
755.960036 0.788568 13.895356 3.2161721415334716e-07
757.960036 0.738399 18.355687 3.247575553700254e-07
759.960036 0.594147 11.86304 3.249901119143153e-07
761.960036 0.78022 11.2035 3.251686351230275e-07
763.960036 0.689253 22.919097 3.447355180420524e-07
765.960036 0.852735 8.403519 3.447936191170924e-07
767.960036 0.91797 3.405691 3.4480145344850807e-07
769.960037 0.853396 9.172177 3.4488052437205583e-07
771.960037 0.980474 1.522947 3.448842073020653e-07
773.960037 0.926961 1.586231 3.4488798486731357e-07
775.960037 1.034895 1.117708 3.448911155313217e-07
777.960037 0.963298 1.119365 3.448942482757346e-07
779.960037 0.990189 0.897441 3.448971143359781e-07
781.960037 1.130394 0.463513 3.4489952276143046e-07
783.960037 1.004427 2.142722 3.4490424452003023e-07
785.960037 0.941955 2.507437 3.4490970970754143e-07
787.960037 0.905441 3.831644 3.449190029122196e-07
789.960038 0.972277 2.253738 3.44923939569825e-07
791.960038 0.936054 3.734069 3.449328762561823e-07
793.960038 0.977847 3.170463 3.449400055399807e-07
795.960038 0.885601 3.944539 3.449497290235719e-07
797.960038 0.805888 8.208762 3.450034661726221e-07
799.960038 0.80601 7.122968 3.45038237780228e-07
801.960038 0.875692 3.869114 3.450476716414239e-07
803.960038 0.871268 4.72238 3.4506095333327915e-07
805.960038 0.848784 4.713511 3.450741878839189e-07
807.960038 0.863895 2.430043 3.450794861020793e-07
809.960038 0.835822 3.022525 3.450862048463352e-07
811.960039 0.790431 6.009407 3.4510845537571497e-07
813.960039 0.866797 3.837883 3.451177718542488e-07
815.960039 0.840885 4.459454 3.451297247961159e-07
817.960039 0.721083 4.656302 3.4514265925968854e-07
819.960039 0.777156 5.365809 3.4515984950845655e-07
821.960039 0.803932 7.840381 3.452062086131047e-07
823.960039 0.752748 12.588864 3.4551731096311873e-07
825.960039 0.858831 5.551359 3.455358287319425e-07
827.960039 0.891179 3.272957 3.455432570646434e-07
829.960039 0.819407 7.499998 3.4558370256826316e-07
831.96004 1.000066 0.539318 3.4558618531131086e-07
833.96004 1.077898 0.392015 3.455885256814199e-07
835.96004 0.946804 2.922069 3.455949792140045e-07
837.96004 0.921943 2.419347 3.456002547614609e-07
839.96004 0.882447 4.797081 3.4561394023239337e-07
841.96004 1.056552 0.601498 3.4561648564425485e-07
843.96004 1.092609 0.237653 3.4561868557117336e-07
845.96004 1.022896 1.406674 3.4562220076220623e-07
847.96004 0.983828 1.686519 3.4562613330381775e-07
849.96004 0.923504 2.880032 3.456324789865936e-07
851.96004 0.988311 0.949142 3.4563540507257524e-07
853.960041 0.914664 2.013868 3.4563988910497553e-07
855.960041 0.991084 0.791049 3.4564263548848326e-07
857.960041 0.970736 0.362398 3.4564494823409314e-07
859.960041 0.911911 4.656015 3.4565788120950473e-07
861.960041 0.925898 5.371101 3.4567510796789766e-07
863.960041 0.919644 6.324794 3.457003574825592e-07
865.960041 0.88968 4.166791 3.4571098712469783e-07
867.960041 0.833736 4.742246 3.4572437502010135e-07
869.960041 0.934804 5.072665 3.457396592038439e-07
871.960041 0.97585 3.445665 3.457476200988439e-07
873.960042 0.97286 2.728572 3.4575359192754966e-07
875.960042 0.930955 6.409273 3.457797112465212e-07
877.960042 0.885723 8.478968 3.4583959661835983e-07
879.960042 0.812978 11.209336 3.460185380065517e-07
881.960042 0.768215 9.210344 3.460988281339721e-07
883.960042 0.841731 7.807841 3.4614458638669533e-07
885.960042 0.859694 9.126528 3.462222233909385e-07
887.960042 0.90685 5.2736 3.462387897649049e-07
889.960042 0.815746 8.731436 3.4630505389166347e-07
891.960042 0.77403 5.894213 3.463263002098459e-07
893.960042 0.768679 4.997336 3.4634112971164874e-07
895.960043 0.713972 11.180511 3.4651801512527893e-07
897.960043 0.822549 8.399342 3.465760189861308e-07
899.960043 0.761597 10.201805 3.4669549685957435e-07
901.960043 0.886566 8.301677 3.467512734863501e-07
903.960043 0.974448 3.691613 3.4676005934908247e-07
905.960043 0.920468 6.849023 3.467912143405215e-07
907.960043 0.890932 8.548389 3.4685278981757686e-07
909.960043 0.903778 6.103439 3.468758951624475e-07
911.960043 0.956825 6.347583 3.469013764210169e-07
913.960043 1.00566 2.608503 3.469070675952126e-07
915.960044 0.841877 10.958696 3.470689021846782e-07
917.960044 0.80357 12.05133 3.473196932896277e-07
919.960044 0.784777 10.061575 3.4743263952166046e-07
921.960044 0.671255 12.67013 3.477540445626115e-07
923.960044 0.696512 18.367771 3.509096362959938e-07
925.960044 0.711234 16.977318 3.5271675277275374e-07
927.960044 0.697158 16.083113 3.539794355394399e-07
929.960044 0.644211 12.447194 3.5427336074684967e-07
931.960044 0.701778 15.811833 3.5540592050969763e-07
933.960044 0.690094 19.267319 3.599317999701192e-07
935.960044 0.710231 11.482616 3.601314604687658e-07
937.960045 0.687926 12.781694 3.6046756728814294e-07
939.960045 0.71415 13.334854 3.608871225404418e-07
941.960045 0.68413 7.583663 3.609289476738329e-07
943.960045 0.750076 10.746373 3.610775766038444e-07
945.960045 0.710867 15.919279 3.6225998845695127e-07
947.960045 0.713565 17.803985 3.6477719502658535e-07
949.960045 0.724536 17.173465 3.6673215427046485e-07
951.960045 0.701578 18.809073 3.7049847082198666e-07
953.960045 0.750073 12.04863 3.7074899060465764e-07
955.960045 0.744668 17.533075 3.730071269086071e-07
957.960046 0.774379 9.240978 3.7308840919223017e-07
959.960046 0.720273 12.506294 3.733893817210228e-07
961.960046 0.690193 9.680558 3.734863282098842e-07
963.960046 0.705661 7.940144 3.7353457906151876e-07
965.960046 0.676582 8.3913 3.735923962132014e-07
967.960046 0.643603 9.076717 3.736684982135204e-07
969.960046 0.646172 7.744419 3.737131076663439e-07
971.960046 0.582557 7.013832 3.737463906976923e-07
973.960046 0.57663 9.067434 3.738222100010603e-07
975.960046 0.612632 7.712365 3.738662498588221e-07
977.960046 0.583724 8.563456 3.7392819840688465e-07
979.960047 0.598434 12.10494 3.741844380244632e-07
981.960047 0.626057 18.260923 3.772077104441505e-07
983.960047 0.698425 16.978483 3.7901567114567525e-07
985.960047 0.669524 20.121353 3.8538950324723185e-07
987.960047 0.639655 14.989559 3.8620400737885267e-07
989.960047 0.695117 8.763153 3.8627111947320625e-07
991.960047 0.598267 11.467651 3.864695856776539e-07
993.960047 0.657798 13.913203 3.869986234849031e-07
995.960047 0.800657 9.812203 3.871008239964303e-07
997.960047 0.810608 12.283923 3.8737612600496954e-07
999.960047 0.836151 11.093857 3.875469718862224e-07
1001.960048 0.781835 14.493142 3.882144869874458e-07
1003.960048 0.93213 3.956539 3.882242573623956e-07
1005.960048 0.901549 4.09286 3.88234576570325e-07
1007.960048 1.033364 0.253255 3.8823679030083433e-07
1009.960048 0.990802 0.873842 3.8823962937307843e-07
1011.960048 0.898553 7.808612 3.8828540177186257e-07
1013.960048 0.965158 1.862974 3.8828962258644024e-07
1015.960048 1.078275 0.155073 3.882917508728814e-07
1017.960048 1.141672 0.0 3.882937508728814e-07
1019.960048 1.236397 0.0 3.882957508728814e-07
1021.960049 1.243581 1.376448 3.882992237244359e-07
1023.960049 1.30171 0.295652 3.8830147540396934e-07
1025.960049 1.291769 0.423078 3.883038451018834e-07
1027.960049 1.420759 0.0 3.883058451018834e-07
1029.960049 1.430304 0.0 3.883078451018834e-07
1031.960049 1.430347 1.131678 3.883109933489411e-07
1033.960049 1.337646 0.10229 3.8831307707162855e-07
1035.960049 1.370938 0.269976 3.883153056919105e-07
1037.960049 1.472664 1.030029 3.883183282209863e-07
1039.960049 1.578391 0.0 3.883203282209863e-07
1041.960049 1.516796 0.692974 3.8832296871471406e-07
1043.96005 1.517775 1.161508 3.883261548379474e-07
1045.96005 1.477274 0.694403 3.8832879684484047e-07
1047.96005 1.436175 1.128605 3.8833194121567776e-07
1049.96005 1.50679 0.34444 3.8833423737046156e-07
1051.96005 1.468344 1.211721 3.883374882828042e-07
1053.96005 1.352475 0.120174 3.8833958699912944e-07
1055.96005 1.441315 1.321815 3.883429846124816e-07
1057.96005 1.606456 0.940601 3.88345900696228e-07
1059.96005 1.644044 0.074116 3.8834796101531824e-07
1061.96005 1.773829 0.0 3.8834996101531824e-07
1063.960051 1.717728 0.039538 3.883519929700998e-07
1065.960051 1.652468 0.322452 3.8835426897285835e-07
1067.960051 1.768308 0.0 3.8835626897285835e-07
1069.960051 1.806653 0.0 3.8835826897285835e-07
1071.960051 1.774049 0.805261 3.8836103104910684e-07
1073.960051 1.637718 0.424069 3.883634016886882e-07
1075.960051 1.70032 0.044873 3.883654379941542e-07
1077.960051 1.7218 0.079187 3.8836750250614175e-07
1079.960051 1.71524 0.057546 3.88369549183803e-07
1081.960051 1.877722 0.110188 3.88371639514785e-07
1083.960051 2.139817 0.0 3.88373639514785e-07
1085.960052 2.044473 0.0 3.88375639514785e-07
1087.960052 2.040064 0.0 3.88377639514785e-07
1089.960052 2.158942 0.0 3.88379639514785e-07
1091.960052 2.229971 0.096232 3.8838171818287587e-07
1093.960052 2.231849 0.086033 3.883837883689377e-07
1095.960052 2.164396 0.991018 3.8838676399395246e-07
1097.960052 2.195255 0.331311 3.88389048094632e-07
1099.960052 2.213484 0.088916 3.883911206748343e-07
1101.960052 2.153838 1.169994 3.883943176560506e-07
1103.960052 2.247177 0.848732 3.88397128291306e-07
1105.960053 2.339651 0.0 3.88399128291306e-07
1107.960053 2.322907 0.0 3.88401128291306e-07
1109.960053 2.492594 0.0 3.88403128291306e-07
1111.960053 2.47889 0.883527 3.8840597840850815e-07
1113.960053 2.376433 0.0 3.8840797840850815e-07
1115.960053 2.394066 0.0 3.8840997840850816e-07
1117.960053 2.464958 0.643435 3.884125669778419e-07
1119.960053 2.270683 0.163305 3.8841470229981396e-07
1121.960053 2.240348 1.607979 3.884185129454477e-07
1123.960053 2.252433 1.664642 3.884224111468803e-07
1125.960053 2.235437 1.636816 3.884262661029566e-07
1127.960054 2.226182 1.63601 3.8843011981357536e-07
1129.960054 2.176464 0.956103 3.884330540768479e-07
1131.960054 2.315602 0.286072 3.8843529712494746e-07
1133.960054 2.345549 0.046122 3.884373344503161e-07
1135.960054 2.462258 0.500139 3.884397785011651e-07
1137.960054 2.372983 0.006107 3.884417834038532e-07
1139.960054 2.471167 0.726883 3.8844446003857074e-07
1141.960054 2.298917 0.248756 3.884466697798073e-07
1143.960054 2.282492 0.28142 3.8844890864846807e-07
1145.960054 2.486603 2.070708 3.8845349603433913e-07
1147.960055 2.446228 0.795014 3.88456246786969e-07
1149.960055 2.460779 0.806942 3.884590107252803e-07
1151.960055 2.52047 2.232349 3.884639052319355e-07
1153.960055 2.585977 0.192921 3.8846606605831076e-07
1155.960055 2.596345 0.377988 3.884683933042038e-07
1157.960055 2.745024 0.0 3.884703933042038e-07
1159.960055 2.813135 0.0 3.884723933042038e-07
1161.960055 2.755001 0.60446 3.884749417405096e-07
1163.960055 2.912863 0.081962 3.8847700855058486e-07
1165.960055 2.878678 0.316577 3.884792791989054e-07
1167.960055 2.942783 0.0 3.884812791989054e-07
