1.96 0.656091 0.0 2e-12
3.96 0.545112 0.0 4e-12
5.96 0.601586 0.0 6e-12
7.96 0.63752 0.0 8e-12
9.96 0.631799 0.0 1e-11
11.960001 0.686319 0.230344 1.2193490049505279e-11
13.960001 0.644072 0.553042 1.4689930946426102e-11
15.960001 0.606238 1.014392 1.7693571067200533e-11
17.960001 0.626097 1.406705 2.1208805787617054e-11
19.960001 0.594436 1.305048 2.458365689652127e-11
21.960001 0.618541 2.323429 2.966018800237251e-11
23.960001 0.56949 2.642568 3.5429619307695556e-11
25.960001 0.628615 2.701895 4.1337919513709046e-11
27.960001 0.613916 2.653271 4.713216015947105e-11
29.960001 0.575627 0.916232 5.001989328649635e-11
31.960002 0.553285 1.817396 5.416428306041574e-11
33.960002 0.656569 2.588814 5.981071094772883e-11
35.960002 0.595939 2.809794 6.598019823138964e-11
37.960002 0.605235 3.184441 7.314954590635829e-11
39.960002 0.610321 3.379737 8.090278246002124e-11
41.960002 0.60087 4.608467 9.359155962953937e-11
43.960002 0.648479 2.760922 9.964134361355208e-11
45.960002 0.676657 1.397576 1.0314373648267487e-10
47.960002 0.682936 2.111545 1.0780684462869059e-10
49.960002 0.607731 4.673313 1.2082982070208455e-10
51.960002 0.651539 3.845136 1.3017342897569328e-10
53.960003 0.555824 3.503857 1.383222321123696e-10
55.960003 0.556959 4.636838 1.5115615733498876e-10
57.960003 0.576983 5.860326 1.7211578411564067e-10
59.960003 0.64482 1.679912 1.7603792300084976e-10
61.960003 0.542155 2.816792 1.8222474341332876e-10
63.960003 0.606877 5.330668 1.991745087137856e-10
65.960003 0.624675 6.282693 2.2400142283545897e-10
67.960003 0.637082 5.63824 2.4317555381247695e-10
69.960003 0.663914 2.097667 2.478127894010554e-10
71.960003 0.590039 4.806746 2.615513913183308e-10
73.960004 0.715693 0.693208 2.641921327688696e-10
75.960004 0.675372 2.156168 2.689394132426552e-10
77.960004 0.643044 4.691421 2.820572754354416e-10
79.960004 0.652535 2.923172 2.8851366241217353e-10
81.960004 0.698337 1.783542 2.926021831325779e-10
83.960004 0.649236 5.50899 3.108080642848346e-10
85.960004 0.65416 7.032505 3.4434119245651233e-10
87.960004 0.792134 0.137557 3.464545857798215e-10
89.960004 0.727115 1.46501 3.5005295674639414e-10
91.960004 0.684178 3.654324 3.5870845251394784e-10
93.960004 0.745722 2.196663 3.635334329826796e-10
95.960005 0.71344 2.488126 3.689564727464634e-10
97.960005 0.779071 1.038308 3.7198905061520233e-10
99.960005 0.80862 0.220945 3.741742908550601e-10
101.960005 0.672422 6.142444 3.9764378326171855e-10
103.960005 0.688864 3.177699 4.0479377892209075e-10
105.960005 0.712206 3.868215 4.1422424061440526e-10
107.960005 0.706045 3.411598 4.220771469882317e-10
109.960005 0.716457 2.185732 4.268810290927834e-10
111.960005 0.651374 4.970396 4.415512273044554e-10
113.960005 0.707059 3.315883 4.491085032776e-10
115.960006 0.697311 4.322186 4.604214252138614e-10
117.960006 0.670113 5.02474 4.754147493021567e-10
119.960006 0.699608 4.365563 4.869261255768717e-10
121.960006 0.69233 6.126578 5.102468069132142e-10
123.960006 0.670292 7.627236 5.52808992431895e-10
125.960006 0.721237 6.535731 5.802866504753314e-10
127.960006 0.753825 5.328301 5.972203389430257e-10
129.960006 0.676973 7.347533 6.352676745521421e-10
131.960006 0.5963 7.382886 6.738581059588294e-10
133.960006 0.621221 8.485031 7.338892184933917e-10
135.960006 0.624775 8.487761 7.93986069758942e-10
137.960007 0.683446 6.056861 8.166639607157548e-10
139.960007 0.735451 2.767425 8.227295376934912e-10
141.960007 0.591291 8.546463 8.842574876832137e-10
143.960007 0.76108 3.186526 8.91432830670585e-10
145.960007 0.758859 3.481662 8.995094461759082e-10
147.960007 0.852016 0.267382 9.01735749997699e-10
149.960007 0.612261 8.465366 9.61295446766196e-10
151.960007 0.882695 0.073664 9.633553925391134e-10
153.960007 0.78033 2.643546 9.691270864122129e-10
155.960007 0.816042 0.885644 9.719796235983159e-10
157.960008 0.755635 2.975932 9.785740299654384e-10
159.960008 0.842386 0.97158 9.81526556506971e-10
161.960008 0.779137 3.79738 9.906929759493572e-10
163.960008 0.729405 5.331339 1.0076473015057527e-09
165.960008 0.73857 4.341061 1.0190461545797784e-09
167.960008 0.825863 3.380771 1.0268026058166737e-09
169.960008 0.906987 0.362367 1.029115322683585e-09
171.960008 0.7403 4.399725 1.0407854412090062e-09
173.960008 0.781265 3.862021 1.0501925140100342e-09
175.960008 0.670457 6.35021 1.0757006231956146e-09
177.960008 0.599645 9.649419 1.17144436771974e-09
179.960009 0.501171 1.778255 1.1755242315895548e-09
181.960009 0.629368 8.41498 1.2338928840142504e-09
183.960009 0.719999 4.843392 1.2478348189328092e-09
185.960009 0.688395 6.794978 1.2783220336106377e-09
187.960009 0.684536 6.63074 1.3068665000249165e-09
189.960009 0.677762 6.880057 1.3384115362554048e-09
191.960009 0.700719 6.471097 1.3651863312517417e-09
193.960009 0.678906 9.149888 1.4435538375064868e-09
195.960009 0.756828 4.528071 1.455840158453987e-09
197.960009 0.666048 8.563119 1.5177803374641039e-09
199.960009 0.711191 5.467329 1.5356846652421129e-09
201.96001 0.783951 3.865535 1.5451049999754089e-09
203.96001 0.798504 2.455444 1.5504574479892417e-09
205.96001 0.842924 2.283382 1.555453125383105e-09
207.96001 0.841953 2.274125 1.5604302971581247e-09
209.96001 0.721125 4.779119 1.5740175715317446e-09
211.96001 0.714476 4.645676 1.5868970508807861e-09
213.96001 0.704778 5.754951 1.6069896668966905e-09
215.96001 0.843441 2.321565 1.612062405767126e-09
217.96001 0.66353 7.929607 1.6601098580477772e-09
219.96001 0.677495 4.509356 1.67230433980526e-09
221.960011 0.652894 6.933019 1.704526329507904e-09
223.960011 0.662656 8.988193 1.777974836882384e-09
225.960011 0.565436 8.395865 1.83589789919184e-09
227.960011 0.576865 4.151378 1.8464620612339658e-09
229.960011 0.643722 6.030618 1.8689026082619813e-09
231.960011 0.605753 10.296504 1.9930037348309895e-09
233.960011 0.623257 10.530554 2.129313401662715e-09
235.960011 0.644972 9.869872 2.2339043110430386e-09
237.960011 0.621705 7.66416 2.2771012362843316e-09
239.960011 0.593373 5.34706 2.294162756859642e-09
241.960011 0.60133 8.718323 2.360079440217568e-09
243.960012 0.620171 9.272929 2.442409598748553e-09
245.960012 0.605108 9.617127 2.536921822436196e-09
247.960012 0.645003 10.083502 2.650865308573307e-09
249.960012 0.697761 6.643925 2.679561059683004e-09
251.960012 0.677922 10.232673 2.8005266852722533e-09
253.960012 0.693786 8.769304 2.867804481226332e-09
255.960012 0.935607 0.750564 2.87050664865562e-09
257.960012 0.818187 4.094086 2.8808309298572407e-09
259.960012 0.860974 1.946054 2.8851946963720076e-09
261.960012 0.878872 3.044316 2.8919723939500116e-09
263.960013 0.823265 3.550937 2.900276464356916e-09
265.960013 0.821266 1.398965 2.9037808081153295e-09
267.960013 0.807822 2.687099 2.909654165012653e-09
269.960013 0.847109 3.404694 2.9174853656313853e-09
271.960013 0.866415 4.567853 2.9299692110591787e-09
273.960013 0.975635 0.025462 2.931989731449082e-09
275.960013 0.932192 0.570697 2.93450390490788e-09
277.960013 0.996567 0.012903 2.9365142775418734e-09
279.960013 0.899398 2.406748 2.9417632451899735e-09
281.960013 0.893571 1.779389 2.9458449643080993e-09
283.960013 1.003506 0.006478 2.9478501652212656e-09
285.960014 0.862535 4.315167 2.9591312976556964e-09
287.960014 1.147453 0.0 2.9611312976556966e-09
289.960014 1.066687 0.0 2.963131297655697e-09
291.960014 1.106163 0.134155 2.9652418105106943e-09
293.960014 1.21794 0.0 2.9672418105106945e-09
295.960014 1.27959 0.0 2.9692418105106947e-09
297.960014 1.265638 0.0 2.971241810510695e-09
299.960014 1.266086 0.0 2.973241810510695e-09
301.960014 1.337736 0.014381 2.975253374727598e-09
303.960014 1.321307 0.124747 2.9773559422672796e-09
305.960015 1.263089 0.641545 2.979942550943792e-09
307.960015 1.269272 0.50952 2.9823958109713413e-09
309.960015 1.28544 0.275484 2.984629357931507e-09
311.960015 1.108722 0.022412 2.9866474092015346e-09
313.960015 1.185567 0.263871 2.988870581510203e-09
315.960015 1.267863 1.433745 2.9924241306043194e-09
317.960015 1.292665 1.832291 2.9965933427364416e-09
319.960015 1.136618 0.020816 2.998610103171444e-09
321.960015 1.20014 0.91613 3.0014977182139572e-09
323.960015 1.127916 1.27456 3.004831569999943e-09
325.960015 1.275375 1.432442 3.008383263265307e-09
327.960016 1.153703 1.233781 3.0116630542808438e-09
329.960016 1.250931 1.312962 3.015048630071152e-09
331.960016 1.154484 1.331054 3.01845885147771e-09
333.960016 1.167043 0.600161 3.0210028993288156e-09
335.960016 1.075855 0.539414 3.0234857379320802e-09
337.960016 1.167535 0.966736 3.0264325362375628e-09
339.960016 1.176182 0.873811 3.0292715731974807e-09
341.960016 1.131998 1.798006 3.0333838710239857e-09
343.960016 1.246993 3.085941 3.0402756224054335e-09
345.960016 1.234156 3.059298 3.0470941520629402e-09
347.960017 1.264933 2.702145 3.053003044469658e-09
349.960017 1.12262 1.870208 3.057236117884755e-09
351.960017 1.206811 2.544589 3.0627833160316684e-09
353.960017 1.231838 1.735198 3.0667933580996464e-09
355.960017 1.305373 0.900414 3.069662836434457e-09
357.960017 1.201336 1.803214 3.073783729413629e-09
359.960017 1.194771 2.591511 3.0794362657947254e-09
361.960017 1.3639 0.100218 3.0815182582917935e-09
363.960017 1.319846 1.384763 3.0850027060847042e-09
365.960017 1.449237 0.0 3.0870027060847044e-09
367.960017 1.50623 0.0 3.0890027060847046e-09
369.960018 1.418926 0.0 3.091002706084705e-09
371.960018 1.325529 1.063916 3.0940665781245796e-09
373.960018 1.376898 0.660696 3.0966731226647918e-09
375.960018 1.39943 1.089417 3.099768479025882e-09
377.960018 1.460591 0.401981 3.1021182186671055e-09
379.960018 1.42863 1.309271 3.1054987883531114e-09
381.960018 1.37718 1.547637 3.1092183545552613e-09
383.960018 1.306759 0.888629 3.1120743074445975e-09
385.960018 1.306962 0.428867 3.1144495114725658e-09
387.960018 1.448276 0.589829 3.116983043213842e-09
389.960019 1.508399 0.0 3.118983043213842e-09
391.960019 1.449039 0.425554 3.1213550945714433e-09
393.960019 1.42314 1.061417 3.1244158985506925e-09
395.960019 1.516907 0.915693 3.127303007736767e-09
397.960019 1.490152 0.806892 3.130066890644383e-09
399.960019 1.427865 2.144122 3.1347913001743367e-09
401.960019 1.386106 0.884765 3.1376428323090643e-09
403.960019 1.331632 0.785894 3.1403835457816652e-09
405.960019 1.339023 1.136017 3.143537274104888e-09
407.960019 1.554781 0.619742 3.1461013717767813e-09
409.960019 1.544198 0.594811 3.1486399688562967e-09
411.96002 1.619349 0.118522 3.150737295662276e-09
413.96002 1.625603 0.074858 3.1527982277343373e-09
415.96002 1.61335 0.058772 3.1548459116116463e-09
417.96002 1.612701 0.26828 3.1570730170811166e-09
419.96002 1.535693 2.14361 3.1617964569554517e-09
421.96002 1.534771 3.346372 3.1694466744997657e-09
423.96002 1.582007 1.369361 3.172909672874005e-09
425.96002 1.680882 0.007107 3.1749153795045653e-09
427.96002 1.731392 0.0 3.1769153795045655e-09
429.96002 1.68344 0.0 3.1789153795045657e-09
431.960021 1.630052 0.857028 3.1817353783036593e-09
433.960021 1.626984 0.581582 3.184260547293598e-09
435.960021 1.596558 0.998477 3.187245083851502e-09
437.960021 1.660322 1.309274 3.1906256576034012e-09
439.960021 1.6113 0.511417 3.193080784099438e-09
441.960021 1.594203 1.90409 3.1973717500276686e-09
443.960021 1.602427 1.495577 3.2010144887133704e-09
445.960021 1.663906 0.989181 3.203987923082976e-09
447.960021 1.665801 1.17973 3.2071974072666053e-09
449.960021 1.684834 0.873527 3.2100361209983147e-09
451.960021 1.722633 0.500685 3.212480706898076e-09
453.960022 1.869001 0.0 3.2144807068980763e-09
455.960022 1.957488 0.0 3.2164807068980765e-09
457.960022 1.878288 0.0 3.2184807068980767e-09
459.960022 1.889744 0.0 3.220480706898077e-09
461.960022 1.930224 1.217901 3.2237396837221127e-09
463.960022 1.996624 0.016684 3.2257531060555052e-09
465.960022 1.944199 0.206204 3.227925470084896e-09
467.960022 1.961737 0.089465 3.2299985065090406e-09
469.960022 1.872348 0.395171 3.232341839681229e-09
471.960022 1.901516 2.124904 3.237029989165272e-09
473.960023 1.875018 2.216259 3.2418930248901942e-09
475.960023 1.859313 1.06854 3.2449625819978974e-09
477.960023 1.822978 0.182856 3.247114706708956e-09
479.960023 1.820814 0.111245 3.2492059236765554e-09
481.960023 1.751129 0.162996 3.2513409811401695e-09
483.960023 1.803882 0.817242 3.254116356320517e-09
485.960023 1.814996 1.267922 3.257441347766674e-09
487.960023 1.766096 0.372168 3.259763169864517e-09
489.960023 1.820985 1.304706 3.2631375582776365e-09
491.960023 1.734317 0.373881 3.265460975446524e-09
493.960023 1.760598 0.399772 3.2678086350665565e-09
495.960024 1.755609 0.417448 3.2701729903402413e-09
497.960024 1.831133 2.068793 3.274756855649769e-09
499.960024 1.900671 2.068543 3.279340261555389e-09
501.960024 1.93134 2.681828 3.2852012200651213e-09
503.960024 2.053252 0.0 3.2872012200651215e-09
505.960024 2.028155 0.13729 3.289314387177836e-09
507.960024 1.97532 1.431274 3.292864417715203e-09
509.960024 2.085671 0.0 3.2948644177152033e-09
511.960024 1.957565 1.727105 3.2988614700955498e-09
513.960024 2.029734 0.146287 3.300982273097759e-09
515.960025 2.008637 0.126996 3.3030867372551744e-09
517.960025 2.06426 1.155826 3.306265610892057e-09
519.960025 2.204678 0.0 3.308265610892057e-09
521.960025 2.230803 0.538805 3.310747843377075e-09
523.960025 2.311337 0.0 3.3127478433770753e-09
525.960025 2.223446 0.194092 3.3149096844187946e-09
527.960025 2.303095 0.0 3.316909684418795e-09
529.960025 2.216575 0.303058 3.319168059402375e-09
531.960025 2.092588 0.252865 3.321381443812955e-09
533.960025 2.124345 0.421313 3.3237494655161605e-09
535.960025 2.150233 0.473077 3.3261671432798683e-09
537.960026 2.312112 0.007387 3.3281730750720717e-09
539.960026 2.215511 0.405086 3.3305257415350724e-09
541.960026 2.240442 0.963382 3.333468580105677e-09
543.960026 2.218651 1.15478 3.3366461209625063e-09
545.960026 2.221975 1.695275 3.3405924914269797e-09
547.960026 2.290086 0.066477 3.342646510369443e-09
549.960026 2.354673 0.0 3.3446465103694433e-09
551.960026 2.253043 0.691025 3.347284941701891e-09
553.960026 2.334268 0.582526 3.3498110665406703e-09
555.960026 2.282788 0.144428 3.3519302895232423e-09
557.960027 2.360528 0.728437 3.354608592332815e-09
559.960027 2.327556 0.397313 3.3569539386941803e-09
561.960027 2.316189 0.613483 3.3595116103865316e-09
563.960027 2.300677 0.592017 3.3620473654825053e-09
565.960027 2.205069 0.182697 3.364199353012139e-09
567.960027 2.126883 0.040066 3.366231737962152e-09
569.960027 2.060187 0.216054 3.3684126974928395e-09
571.960027 2.120745 0.341202 3.3707058734807812e-09
573.960027 2.152899 0.012211 3.3727156884579657e-09
575.960027 2.093688 0.228533 3.3749075865148057e-09
577.960027 2.057606 0.101294 3.3769904773290417e-09
579.960028 2.094298 0.050765 3.379031598537952e-09
581.960028 2.234161 0.0 3.381031598537952e-09
583.960028 2.186882 0.120428 3.3831305285876083e-09
585.960028 1.991836 0.0 3.3851305285876085e-09
587.960028 1.98931 0.0 3.3871305285876087e-09
589.960028 2.062684 0.123628 3.38923215309357e-09
591.960028 2.096701 1.64137 3.3930941537248716e-09
593.960028 2.113784 1.701306 3.397050077566288e-09
595.960028 1.991277 0.047167 3.3990882566485956e-09
597.960028 1.963961 0.0 3.401088256648596e-09
599.960028 1.865132 0.242205 3.4032922019511346e-09
601.960029 1.94136 0.239752 3.4054939808996916e-09
603.960029 1.994815 0.674129 3.408114600579354e-09
605.960029 2.028174 0.728232 3.410792683278668e-09
607.960029 2.147178 1.611024 3.4146079836538732e-09
609.960029 2.163442 1.724023 3.418600100333848e-09
611.960029 2.355226 0.771742 3.4213253079909344e-09
613.960029 2.451584 0.004208 3.423328684879291e-09
615.960029 2.399878 0.060935 3.425378145203942e-09
617.960029 2.249807 0.065711 3.4274315334634077e-09
619.960029 2.246349 0.067836 3.429486671809752e-09
621.96003 2.269538 0.272257 3.4317173310321937e-09
623.96003 2.380016 0.138343 3.433831390419405e-09
625.96003 2.562784 0.0 3.4358313904194053e-09
627.96003 2.489689 0.0 3.4378313904194055e-09
629.96003 2.513156 0.007775 3.439837634263097e-09
631.96003 2.281441 0.062895 3.4418887056444286e-09
633.96003 2.438776 0.197264 3.444053297604494e-09
635.96003 2.516476 0.715732 3.446717993070155e-09
637.96003 2.313134 0.069572 3.4487745622414807e-09
639.96003 2.220825 0.769894 3.451497751600565e-09
641.96003 2.302303 0.027558 3.4535199705531985e-09
643.960031 2.199951 1.40883 3.457038201280888e-09
645.960031 2.263162 0.696499 3.4596824291930585e-09
647.960031 2.303153 0.218155 3.4618652265361127e-09
649.960031 2.38834 0.048798 3.4639047387803086e-09
651.960031 2.485278 0.669824 3.4665208394112457e-09
653.960031 2.538574 0.671733 3.4691389429970666e-09
655.960031 2.564625 0.211048 3.4713155298515903e-09
657.960031 2.58669 0.027445 3.473337657194542e-09
659.960031 2.60645 0.020187 3.475353909125052e-09
661.960031 2.520573 1.406981 3.4788695328297313e-09
663.960032 2.474661 0.511201 3.4813244467305884e-09
665.960032 2.349083 0.209604 3.483499773899744e-09
667.960032 2.322326 0.304628 3.485759570809289e-09
669.960032 2.307799 0.296501 3.4880120168791656e-09
671.960032 2.356624 0.898998 3.490879866714848e-09
673.960032 2.35943 0.736432 3.493566767949994e-09
675.960032 2.411554 1.327219 3.496971750232041e-09
677.960032 2.301364 1.262301 3.5002892572356316e-09
679.960032 2.236032 1.751547 3.504325669221142e-09
681.960032 2.21499 2.48055 3.5097322626936473e-09
683.960032 2.300651 1.756393 3.513776524241287e-09
685.960033 2.367687 0.780173 3.516510958833317e-09
687.960033 2.354681 0.247759 3.518719817001405e-09
689.960033 2.242791 1.896839 3.5229983272774237e-09
691.960033 2.272502 2.94416 3.5295092691353307e-09
693.960033 2.34416 0.808479 3.532274911097566e-09
695.960033 2.294461 2.485032 3.5376912282443843e-09
697.960033 2.336938 1.473067 3.541301241154516e-09
699.960033 2.350223 1.134751 3.544453369211038e-09
701.960033 2.460137 0.792425 3.547201268177092e-09
703.960033 2.474847 0.536654 3.5496813610245467e-09
705.960034 2.700698 0.0 3.551681361024547e-09
707.960034 2.787114 0.0 3.553681361024547e-09
709.960034 2.819162 0.0 3.5556813610245473e-09
711.960034 2.921502 0.025624 3.5577020126456047e-09
713.960034 2.863186 0.955937 3.5606360806473397e-09
715.960034 2.902432 0.070716 3.562693593257033e-09
717.960034 2.821427 0.993522 3.5656722069222635e-09
719.960034 2.802706 1.115992 3.5688007179060186e-09
721.960034 2.769864 0.703832 3.571452730909327e-09
723.960034 2.745913 0.245521 3.573659608108374e-09
725.960034 2.62637 0.218492 3.575842700380272e-09
727.960035 2.496172 1.127505 3.5789856848599434e-09
729.960035 2.534878 1.289681 3.582339808264859e-09
731.960035 2.768033 0.188986 3.58449722846728e-09
733.960035 2.743931 0.013089 3.58650775101807e-09
735.960035 2.721048 0.0 3.58850775101807e-09
737.960035 2.76913 0.064846 3.5905604273160947e-09
739.960035 2.874191 1.152597 3.593735188463227e-09
