1.96 0.712522 0.0 2e-12
3.96 0.712756 0.0 4e-12
5.96 0.736113 0.0 6e-12
7.96 0.61274 0.0 8e-12
9.96 0.714403 0.0 1e-11
11.960001 0.691785 1.238552 1.3286070378563328e-11
13.960001 0.782146 0.591504 1.5821304010208333e-11
15.960001 0.71955 1.444964 1.9390872204164166e-11
17.960001 0.766776 0.890182 2.2248603791810572e-11
19.960001 0.721259 1.048741 2.5293892502931133e-11
21.960001 0.691885 2.115284 2.9963995864290046e-11
23.960001 0.684738 2.156869 3.4712610684294096e-11
25.960001 0.684554 1.829167 3.887660441268686e-11
27.960001 0.730306 2.520168 4.43697573190276e-11
29.960001 0.65362 0.654754 4.6970099952859145e-11
31.960002 0.654639 2.154818 5.1714811771915435e-11
33.960002 0.678802 0.865865 5.45448190460903e-11
35.960002 0.696297 2.928217 6.10142777985373e-11
37.960002 0.640916 1.005736 6.400751257638257e-11
39.960002 0.613667 0.518885 6.647000068692686e-11
41.960002 0.623165 1.787868 7.056561839367491e-11
43.960002 0.662157 1.621728 7.439732661631853e-11
45.960002 0.585573 1.788909 7.849465396579106e-11
47.960002 0.736751 2.250002 8.342392302031624e-11
49.960002 0.650068 2.362182 8.857994092793858e-11
51.960002 0.733703 2.510052 9.405086100464767e-11
53.960003 0.737936 2.678326 9.990359662312951e-11
55.960003 0.662367 2.445498 1.0523474462076955e-10
57.960003 0.682829 3.393418 1.1303062312163405e-10
59.960003 0.614711 2.077848 1.1763115911542043e-10
61.960003 0.616744 4.284281 1.287734648758779e-10
63.960003 0.641439 4.397742 1.404343093401969e-10
65.960003 0.619199 4.407859 1.521425460611712e-10
67.960003 0.674036 3.730818 1.610675923619456e-10
69.960003 0.605569 4.128936 1.7153713309375312e-10
71.960003 0.593012 5.315182 1.8838199245311864e-10
73.960004 0.672188 4.056368 1.985513300585641e-10
75.960004 0.664304 3.51478 2.0673589600333898e-10
77.960004 0.775616 2.463971 2.121066728939556e-10
79.960004 0.658723 3.943203 2.2182494985617205e-10
81.960004 0.580983 4.220901 2.3268770144926556e-10
83.960004 0.643996 3.653214 2.413393463110558e-10
85.960004 0.68947 4.271442 2.5242444711889375e-10
87.960004 0.641 4.874704 2.6654250143946737e-10
89.960004 0.66347 5.408311 2.840281712529435e-10
91.960004 0.633155 6.22666 3.0830358942117647e-10
93.960004 0.621964 7.045302 3.420091986335117e-10
95.960005 0.576531 4.866619 3.5608156562103295e-10
97.960005 0.636135 6.205869 3.801554824366292e-10
99.960005 0.617973 5.158701 3.9597605353974985e-10
101.960005 0.644366 7.190871 4.317072453737453e-10
103.960005 0.613579 7.449215 4.713376324136697e-10
105.960005 0.626924 5.281205 4.879545927483549e-10
107.960005 0.667941 7.575033 5.296352681234442e-10
109.960005 0.599303 4.09742 5.399733582633936e-10
111.960005 0.690954 7.456293 5.797163612243179e-10
113.960005 0.747479 4.685668 5.928040029415918e-10
115.960006 0.721896 6.389433 6.187163925779441e-10
117.960006 0.665206 7.189494 6.544278644458092e-10
119.960006 0.633036 7.291319 6.916273310611499e-10
121.960006 0.596099 6.348116 7.17114035147054e-10
123.960006 0.666674 8.269645 7.721789646540268e-10
125.960006 0.679507 8.24972 8.268057827416033e-10
127.960006 0.673748 7.033509 8.603524111001937e-10
129.960006 0.706235 6.160519 8.839925907576713e-10
131.960006 0.748129 3.97641 8.93841111677314e-10
133.960006 0.781637 3.713161 9.027032021782972e-10
135.960006 0.705232 6.780807 9.33017701977254e-10
137.960007 0.665234 8.948933 1.0053192064277502e-09
139.960007 0.669416 7.173444 1.0408016279880507e-09
141.960007 0.643349 9.807384 1.1428048812848125e-09
143.960007 0.5765 7.058289 1.1766864394561075e-09
145.960007 0.644051 9.637339 1.27196762115925e-09
147.960007 0.584261 9.436577 1.3598804075758006e-09
149.960007 0.566616 6.746082 1.3897758072987363e-09
151.960007 0.62841 9.388305 1.4760036075526468e-09
153.960007 0.658176 9.53916 1.567607301028007e-09
155.960007 0.627531 10.725473 1.7149960758666067e-09
157.960008 0.830841 0.182115 1.7171475613350382e-09
159.960008 0.803131 1.984175 1.7215785315634247e-09
161.960008 0.838885 0.714967 1.7242424099068773e-09
163.960008 0.756051 6.308055 1.7493230474848093e-09
165.960008 0.715619 8.660827 1.8137376897563397e-09
167.960008 0.750798 5.80725 1.8342560368566603e-09
169.960008 0.82268 3.603549 1.8427371216930478e-09
171.960008 0.71383 8.172392 1.8956964130802902e-09
173.960008 0.756613 6.087903 1.91865829344746e-09
175.960008 0.683629 8.517147 1.979467337425005e-09
177.960008 0.617711 10.773399 2.129715408238685e-09
179.960009 0.586826 5.831221 2.150431890525626e-09
181.960009 0.659708 5.899439 2.171722769480784e-09
183.960009 0.60623 6.561097 2.199481285285663e-09
185.960009 0.683206 5.393827 2.2168657144147458e-09
187.960009 0.708246 2.777761 2.222956477980234e-09
189.960009 0.803044 2.613851 2.2286598674588003e-09
191.960009 0.838256 0.985035 2.2316283635978426e-09
193.960009 0.758197 4.891695 2.2458429159356244e-09
195.960009 0.728865 7.226614 2.2820898093424747e-09
197.960009 0.703406 6.648137 2.3108340577212186e-09
199.960009 0.77263 4.004283 2.320793248177509e-09
201.96001 0.927717 0.00525 2.3227974621433996e-09
203.96001 0.700899 6.786443 2.353180535506667e-09
205.96001 0.850756 0.040013 2.355212877272784e-09
207.96001 0.777544 2.265787 2.360173439284567e-09
209.96001 0.803315 3.165574 2.367288763096856e-09
211.96001 0.807511 3.075742 2.374152392607788e-09
213.96001 0.857237 1.044044 2.3771919522402213e-09
215.96001 0.773704 5.748216 2.3972303890687657e-09
217.96001 0.738716 6.482491 2.4241277696083575e-09
219.96001 0.756724 6.274451 2.448872783970547e-09
221.960011 0.819218 3.660198 2.4575486868690166e-09
223.960011 0.736308 5.346672 2.4746075536926902e-09
225.960011 0.728056 7.998405 2.523998679675424e-09
227.960011 0.67192 8.359881 2.581092126811833e-09
229.960011 0.787531 4.503387 2.593257461829386e-09
231.960011 0.739564 8.324385 2.649544187158766e-09
233.960011 0.817786 6.328086 2.6748270478454855e-09
235.960011 0.717805 8.807798 2.743151164541597e-09
237.960011 0.711203 5.414924 2.7606832539362e-09
239.960011 0.700699 4.995461 2.7755016125574995e-09
241.960011 0.735917 7.444695 2.815060250257964e-09
243.960012 0.711497 4.552301 2.827466502062707e-09
245.960012 0.705153 7.140896 2.862488930083326e-09
247.960012 0.676058 7.602712 2.9046347003699114e-09
249.960012 0.742343 6.478219 2.9314860537712332e-09
251.960012 0.711433 7.652709 2.974485125235822e-09
253.960012 0.815341 6.278025 2.9992656207756887e-09
255.960012 0.643185 9.218066 3.0798046963769467e-09
257.960012 0.675922 8.537517 3.1411123702755687e-09
259.960012 0.648418 10.85163 3.296147410579454e-09
261.960012 0.791754 7.355246 3.3343125783405704e-09
263.960013 0.694609 9.395726 3.4207973001449047e-09
265.960013 0.687707 6.485056 3.447722354259512e-09
267.960013 0.85766 3.43226 3.4556405808118442e-09
269.960013 0.883443 0.335839 3.4579288316099204e-09
271.960013 0.846091 2.848011 3.4641935725217687e-09
273.960013 0.868777 2.633644 3.4699423994018533e-09
275.960013 0.840064 3.713849 3.4788069346227353e-09
277.960013 0.700636 9.059811 3.55439487875395e-09
279.960013 0.834093 2.372094 3.5595714264034103e-09
281.960013 0.795901 6.799463 3.5901135085965634e-09
283.960013 0.754895 9.277324 3.6725888599310565e-09
285.960014 0.790513 7.127827 3.707428269042217e-09
287.960014 0.788762 7.912809 3.7551532352327155e-09
289.960014 0.795874 7.141602 3.79018557743809e-09
291.960014 0.776316 7.062409 3.824123145394127e-09
293.960014 0.737565 8.859684 3.893883391676235e-09
295.960014 0.738861 9.440516 3.981935117543477e-09
297.960014 0.751326 9.335424 4.066354094756379e-09
299.960014 0.598327 10.607504 4.206934432008014e-09
301.960014 0.595052 9.695576 4.304466380346902e-09
303.960014 0.627054 11.460532 4.502366957256859e-09
305.960015 0.584637 9.86952 4.606943107854034e-09
307.960015 0.61702 11.124659 4.779911804762708e-09
309.960015 0.668168 10.961072 4.941900624364028e-09
311.960015 0.56912 9.657345 5.0379490876942455e-09
313.960015 0.597957 10.075549 5.151529852660287e-09
315.960015 0.624306 10.651731 5.294625042719466e-09
317.960015 0.62861 12.458988 5.589943309714211e-09
319.960015 0.631099 10.937107 5.750383232670823e-09
321.960015 0.598966 11.671915 5.965786057321759e-09
323.960015 0.603446 11.993991 6.210877820619431e-09
325.960015 0.587674 10.821764 6.364067615663542e-09
327.960016 0.619135 12.161583 6.6261926546381236e-09
329.960016 0.595706 13.226681 7.027941776577887e-09
331.960016 0.62522 14.10156 7.598476312741444e-09
333.960016 0.694828 11.57068 7.805311849471103e-09
335.960016 0.674452 13.587348 8.269561320751566e-09
337.960016 0.619221 14.59121 8.963843341242828e-09
339.960016 0.587879 10.048664 9.076206460273863e-09
341.960016 0.586161 14.072296 9.640086501452112e-09
343.960016 0.566678 11.360419 9.830201411139412e-09
345.960016 0.568033 10.125536 9.946081315974414e-09
347.960017 0.603039 9.464581 1.0034986662701388e-08
349.960017 0.594166 12.539536 1.0339997093041558e-08
351.960017 0.640793 13.937697 1.0874255556695431e-08
353.960017 0.638592 14.043654 1.1431697707418919e-08
355.960017 0.592998 14.705332 1.2158482677421902e-08
357.960017 0.685213 11.768479 1.238238796668864e-08
359.960017 0.724967 9.85248 1.2486252143105756e-08
361.960017 0.727795 10.758219 1.2635588613685526e-08
363.960017 0.616075 15.90556 1.3811514987920305e-08
365.960017 0.653294 15.576913 1.4842277744506591e-08
367.960017 0.602697 13.198893 1.5239576047259724e-08
369.960018 0.652993 15.264982 1.614917041612312e-08
371.960018 0.681206 14.024452 1.6702337722709486e-08
373.960018 0.701966 14.154227 1.728504695583451e-08
375.960018 0.589228 12.532256 1.7589168477695255e-08
377.960018 0.64085 16.289228 1.8960622853671468e-08
379.960018 0.598033 9.510836 1.905119224191594e-08
381.960018 0.674443 15.016284 1.9874470103184185e-08
383.960018 0.551532 6.621625 1.990291045061474e-08
385.960018 0.594102 9.977397 2.0012108615625146e-08
387.960018 0.554243 10.786239 2.0163132106084086e-08
389.960019 0.585882 11.647117 2.0376404067309933e-08
391.960019 0.646892 16.747638 2.202455159433186e-08
393.960019 0.687901 11.143214 2.219881177631351e-08
395.960019 0.593049 15.273216 2.3111413746275834e-08
397.960019 0.724813 10.698819 2.325723593934137e-08
399.960019 0.772564 7.035809 2.3290813514913403e-08
401.960019 0.876793 1.952644 2.3295188825667936e-08
403.960019 0.864657 3.292079 2.3302674323999908e-08
405.960019 0.676564 13.402283 2.3733726027472096e-08
407.960019 0.76315 10.705398 2.387993334488194e-08
409.960019 0.698117 10.402467 2.4009420044701017e-08
411.96002 0.737268 10.710009 2.415589788891422e-08
413.96002 0.779694 9.067254 2.4231711721099482e-08
415.96002 0.663194 10.245341 2.4353293257625075e-08
417.96002 0.64447 13.059428 2.4728987179149416e-08
419.96002 0.629303 16.064584 2.5982324957488156e-08
421.96002 0.694322 11.541487 2.618675386309298e-08
423.96002 0.82796 6.543563 2.621431793411737e-08
425.96002 0.887279 1.309714 2.621769910425328e-08
427.96002 0.972626 0.024113 2.6219718532191226e-08
429.96002 0.819832 6.463793 2.6246415039077464e-08
431.960021 0.905736 2.082466 2.6251024100358888e-08
433.960021 0.774157 10.440301 2.6382489818685628e-08
435.960021 0.741988 12.470191 2.6679137452679812e-08
437.960021 0.663966 12.938062 2.7036988985511775e-08
439.960021 0.738638 6.894107 2.70687122085957e-08
441.960021 0.816514 8.829329 2.7137628648256968e-08
443.960021 0.924659 0.440076 2.7140014549939236e-08
445.960021 0.833177 3.846378 2.7149362811811646e-08
447.960021 0.784182 5.427383 2.7166982691507122e-08
449.960021 0.675237 12.758121 2.7499928061616934e-08
451.960021 0.622059 16.291277 2.8872509495695568e-08
453.960022 0.719703 11.360711 2.9062646662506704e-08
455.960022 0.923797 1.453375 2.9066228287730697e-08
457.960022 0.743758 11.955011 2.9307519678952102e-08
459.960022 0.930594 0.304492 2.9309779352653034e-08
461.960022 0.903041 2.258848 2.9314726134055478e-08
463.960022 0.924429 3.226548 2.9322017534983778e-08
465.960022 0.934582 0.994611 2.932499744936194e-08
467.960022 0.866896 3.802051 2.9334181050296874e-08
469.960022 0.835865 5.760371 2.935431737344309e-08
471.960022 0.792549 9.018475 2.9428663001811943e-08
473.960023 0.941037 1.412045 2.9432185770177176e-08
475.960023 0.931552 1.67306 2.943609714965024e-08
477.960023 0.867843 4.134059 2.9446588215356453e-08
479.960023 0.925891 1.89634 2.9450865869789126e-08
481.960023 1.044134 0.079825 2.945293090990351e-08
483.960023 0.935004 2.201884 2.9457766000309127e-08
485.960023 0.921114 3.028916 2.9464501981419538e-08
487.960023 0.908638 2.130742 2.9469201116369127e-08
489.960023 1.002613 0.945847 2.9472123339568068e-08
491.960023 0.959045 3.493339 2.9480237853591705e-08
493.960023 0.985538 2.349034 2.9485366764927552e-08
495.960024 1.029879 1.088632 2.9488461147294e-08
497.960024 1.077623 0.192074 2.9490621240044225e-08
499.960024 0.948285 2.899261 2.949701603110033e-08
501.960024 0.93377 4.834674 2.9510909322411474e-08
503.960024 0.981568 4.026472 2.9520957502513707e-08
505.960024 0.903645 5.712984 2.954071489025356e-08
507.960024 0.918004 5.5557 2.9559264914371115e-08
509.960024 0.85343 8.354696 2.9616239804204555e-08
511.960024 0.732204 12.671837 2.9937864873895065e-08
513.960024 0.731785 11.446745 3.0134674609084836e-08
515.960025 0.692083 14.633283 3.0840766682631326e-08
517.960025 0.67698 15.700117 3.1923720715643915e-08
519.960025 0.822528 6.103715 3.1946828617275716e-08
521.960025 0.730571 11.026723 3.2113137586920027e-08
523.960025 0.62892 13.718457 3.260244193892092e-08
525.960025 0.777843 7.353697 3.264058341322984e-08
527.960025 0.692601 10.714576 3.2787329696181604e-08
529.960025 0.692459 10.391853 3.291626657015238e-08
531.960025 0.729826 12.95476 3.327652172627586e-08
533.960025 0.787214 11.366597 3.3467108097879646e-08
535.960025 0.694956 14.949428 3.426861266198215e-08
537.960026 0.64457 17.173535 3.622362676973112e-08
539.960026 0.667506 17.216472 3.8212585381897486e-08
541.960026 0.626501 16.629866 3.9784722984231234e-08
543.960026 0.663997 16.53623 4.1298937469945474e-08
545.960026 0.574796 11.617539 4.150969537625112e-08
547.960026 0.56841 11.330123 4.169751513484069e-08
549.960026 0.542216 3.455539 4.170550760601322e-08
551.960026 0.531916 5.916086 4.1726941053668786e-08
553.960026 0.595841 12.387036 4.201386222743477e-08
555.960026 0.603201 12.475684 4.231116385483111e-08
557.960027 0.577134 16.86125 4.4036117007706966e-08
559.960027 0.585153 15.040901 4.486756014698656e-08
561.960027 0.616221 18.456761 4.8137765639906106e-08
563.960027 0.564502 10.190907 4.82567226419772e-08
565.960027 0.649654 17.823025 5.0793217291424786e-08
567.960027 0.591463 14.037412 5.134926620556049e-08
569.960027 0.595613 17.574026 5.364478163755307e-08
571.960027 0.53943 6.076966 5.3667643056695015e-08
573.960027 0.573593 14.614738 5.436850491800557e-08
575.960027 0.593566 18.001922 5.7093602631398496e-08
577.960027 0.522403 4.018078 5.7103617053989205e-08
579.960028 0.66954 16.053766 5.835153084997099e-08
581.960028 0.626328 17.091396 6.024321447096665e-08
583.960028 0.613544 16.498403 6.173463892224972e-08
585.960028 0.568499 8.750234 6.180140431959734e-08
587.960028 0.613911 13.296683 6.22145879717426e-08
589.960028 0.602018 11.64982 6.242809117125073e-08
591.960028 0.575801 9.038794 6.250304489604676e-08
593.960028 0.684819 19.812525 6.813462069232973e-08
595.960028 0.548318 6.371456 6.816034699960418e-08
597.960028 0.617608 17.319589 7.02332532517409e-08
599.960028 0.571256 15.167908 7.110812825269092e-08
601.960029 0.615571 19.890597 7.691875811927812e-08
603.960029 0.633168 17.466066 7.911703846281916e-08
605.960029 0.55089 6.904909 7.914889936461349e-08
607.960029 0.633273 12.84795 7.949405366921179e-08
609.960029 0.627212 19.123731 8.376675541069139e-08
611.960029 0.699201 14.872658 8.45439672638881e-08
613.960029 0.684943 16.174235 8.585363067382422e-08
615.960029 0.713884 16.685493 8.746122286494608e-08
617.960029 0.545404 7.897646 8.750865859270701e-08
619.960029 0.547904 10.07136 8.762204876986491e-08
621.96003 0.606262 19.864014 9.337108162518502e-08
623.96003 0.622538 18.040917 9.613911664232639e-08
625.96003 0.64436 21.855872 1.0891530571081048e-07
627.96003 0.656844 18.408154 1.1212240184135283e-07
629.96003 0.623351 15.432161 1.1309504972569726e-07
631.96003 0.62718 17.954869 1.1576922324302393e-07
633.96003 0.659825 16.605666 1.1732618176497305e-07
635.96003 0.583116 13.810543 1.1783388784404465e-07
637.96003 0.569977 13.587077 1.1829808687920048e-07
639.96003 0.566524 12.179301 1.1856208049591068e-07
641.96003 0.548533 13.472175 1.1900538118584369e-07
643.960031 0.548938 11.972438 1.192483642915196e-07
645.960031 0.588573 17.194091 1.212195563627272e-07
647.960031 0.591634 13.382422 1.2164718947479048e-07
649.960031 0.555355 5.58315 1.2166594476787643e-07
651.960031 0.57398 10.935144 1.2182625847714507e-07
653.960031 0.545851 8.360293 1.2188336135541605e-07
655.960031 0.662922 21.390179 1.324836710396945e-07
657.960031 0.618719 20.202024 1.3906701300648174e-07
659.960031 0.532135 11.675474 1.392827233939595e-07
661.960031 0.861466 5.046761 1.3929784967101353e-07
663.960032 0.826485 7.412748 1.393369048802228e-07
665.960032 0.901994 5.3033 1.3935366968843856e-07
667.960032 0.970196 3.739317 1.3936262519706094e-07
669.960032 0.861044 8.745089 1.3942925302128963e-07
671.960032 0.776098 12.493626 1.3972870087555254e-07
673.960032 0.886887 7.371963 1.397671226844321e-07
675.960032 0.998387 2.760046 1.3977317034413344e-07
677.960032 0.872964 9.148748 1.398515020418798e-07
679.960032 0.884773 6.636314 1.398801103668108e-07
681.960032 0.863629 8.829655 1.3994903581416153e-07
683.960032 0.942374 4.437421 1.3996088363820988e-07
685.960033 0.759786 10.49539 1.4009528515782615e-07
687.960033 0.759776 10.730048 1.402429445143778e-07
689.960033 0.774656 10.82272 1.4039619303341084e-07
691.960033 0.716575 13.652509 1.4087273015260317e-07
693.960033 0.698632 15.341035 1.4181048541308173e-07
695.960033 0.585224 15.207175 1.4269924206868884e-07
697.960033 0.691346 15.222858 1.4359360433090126e-07
699.960033 0.977382 1.383698 1.4359708729126788e-07
701.960033 0.90994 5.065084 1.4361232509257648e-07
703.960033 1.064838 0.081868 1.4361439182476474e-07
705.960034 0.912314 5.277373 1.4363098327641154e-07
707.960034 0.824558 11.828091 1.4386030411553372e-07
709.960034 0.907653 6.191782 1.4388424245595442e-07
711.960034 0.90711 7.829737 1.4393040415557777e-07
713.960034 0.957139 5.821986 1.439510440792986e-07
715.960034 0.908514 8.005368 1.4400057327429646e-07
717.960034 1.069759 0.270601 1.4400280245306804e-07
719.960034 0.98352 3.198007 1.440100108990169e-07
721.960034 0.994997 3.493179 1.4401812489254963e-07
723.960034 0.966771 4.562432 1.4403058163602758e-07
725.960034 0.988723 3.957434 1.4404035551733956e-07
727.960035 1.021348 1.011049 1.44043355134573e-07
729.960035 1.056559 0.377565 1.4404568198583576e-07
731.960035 1.099979 0.486968 1.4404811316523488e-07
733.960035 1.043023 1.828756 1.4405227647290548e-07
735.960035 0.978915 4.247207 1.4406325439237672e-07
737.960035 1.041269 2.701611 1.4406916201991475e-07
739.960035 0.999706 3.488064 1.4407725939158546e-07
741.960035 0.999506 5.458192 1.4409509825408053e-07
743.960035 1.137297 0.199158 1.440972644902817e-07
745.960035 1.177102 0.061078 1.4409931406810492e-07
747.960036 1.167068 0.279956 1.4410155162309402e-07
749.960036 1.077734 2.129489 1.4410624839808437e-07
751.960036 1.09429 3.141048 1.4411329410212432e-07
753.960036 1.247737 0.0 1.4411529410212433e-07
755.960036 1.228109 0.0 1.4411729410212433e-07
757.960036 1.10208 1.80697 1.4412142120505968e-07
759.960036 1.151829 1.060068 1.4412448035412798e-07
761.960036 1.078774 3.592454 1.4413292379825687e-07
763.960036 1.055595 2.567822 1.4413852290600672e-07
765.960036 1.055121 4.238921 1.4414946441818273e-07
767.960036 1.053432 4.306506 1.441607064474842e-07
769.960037 1.064179 3.200937 1.4416792336588198e-07
771.960037 1.099271 2.671845 1.4417376091417037e-07
773.960037 1.152747 1.854369 1.441779671928175e-07
775.960037 1.153388 3.050097 1.4418476061693305e-07
777.960037 1.270018 0.075893 1.44186822404345e-07
779.960037 1.268077 0.016709 1.441888358468584e-07
781.960037 1.292988 1.186859 1.4419205451710076e-07
783.960037 1.226251 1.278585 1.4419539375291356e-07
785.960037 1.294932 0.352927 1.4419769773368233e-07
787.960037 1.259868 1.475591 1.442013114013826e-07
789.960038 1.35826 0.017833 1.4420332575139885e-07
791.960038 1.357254 1.455021 1.4420690974089715e-07
793.960038 1.466827 0.0 1.4420890974089716e-07
795.960038 1.49972 0.0 1.4421090974089716e-07
797.960038 1.608776 0.0 1.4421290974089716e-07
799.960038 1.595892 0.0 1.4421490974089716e-07
801.960038 1.48938 0.00425 1.4421691315151892e-07
803.960038 1.484492 0.007352 1.4421891905516453e-07
805.960038 1.427132 0.11618 1.442210144136595e-07
807.960038 1.565716 1.191592 1.4422423919711704e-07
809.960038 1.509603 0.059796 1.442262877218019e-07
811.960039 1.547722 1.273872 1.4422962065415628e-07
813.960039 1.643682 0.07737 1.442316836627985e-07
815.960039 1.654735 0.007246 1.4423368948120257e-07
817.960039 1.568605 1.443071 1.4423725634141246e-07
819.960039 1.350126 1.534097 1.4424095577142257e-07
821.960039 1.480248 1.449938 1.4424453246485076e-07
823.960039 1.437849 0.399359 1.4424687973578932e-07
825.960039 1.517573 1.278088 1.4425021830632159e-07
827.960039 1.405286 0.307386 1.4425248060327937e-07
829.960039 1.596392 0.382697 1.442548122468721e-07
831.96004 1.262058 1.175402 1.4425801616701422e-07
833.96004 1.259137 1.66721 1.4426191838383443e-07
835.96004 1.221838 1.301066 1.4426528785157798e-07
837.96004 1.189389 1.301583 1.4426865801778138e-07
839.96004 1.24226 1.516965 1.442723321258569e-07
841.96004 1.183362 1.76541 1.4427639103381216e-07
843.96004 1.250337 2.844227 1.4428264627809535e-07
845.96004 1.252796 2.73325 1.442886293171586e-07
847.96004 1.282144 1.998146 1.4429308517525786e-07
849.96004 1.161125 0.996075 1.4429606683914796e-07
851.96004 1.222481 2.701631 1.4430197451405445e-07
853.960041 1.263389 1.923582 1.4430629914307924e-07
855.960041 1.336238 0.734668 1.4430898414480554e-07
857.960041 1.293888 1.198983 1.4431221849782246e-07
859.960041 1.238004 2.327832 1.4431730399792149e-07
861.960041 1.388781 0.33171 1.443195884640001e-07
863.960041 1.47101 1.415051 1.443231154803151e-07
865.960041 1.448019 1.503818 1.443267702740823e-07
867.960041 1.561752 1.046732 1.443298131110325e-07
869.960041 1.549151 2.04669 1.4433435653692507e-07
871.960041 1.584103 0.961083 1.443372966643686e-07
873.960042 1.626328 0.035895 1.4433932565363128e-07
875.960042 1.679109 0.0 1.443413256536313e-07
877.960042 1.663142 0.000348 1.4434332593268264e-07
879.960042 1.708126 0.0 1.4434532593268264e-07
881.960042 1.687015 0.940234 1.443482415874079e-07
883.960042 1.866996 0.0 1.443502415874079e-07
885.960042 2.007507 0.0 1.443522415874079e-07
887.960042 1.8106 0.011058 1.4435425047356924e-07
889.960042 1.932259 0.0 1.4435625047356924e-07
891.960042 2.217433 0.0 1.4435825047356925e-07
893.960042 2.259906 0.0 1.4436025047356925e-07
895.960043 2.251515 0.0 1.4436225047356925e-07
897.960043 2.091361 0.0 1.4436425047356925e-07
899.960043 2.017494 0.0 1.4436625047356926e-07
901.960043 2.040902 0.49998 1.4436869436862875e-07
903.960043 1.979535 0.639459 1.4437127881504463e-07
905.960043 2.092169 0.167218 1.443734174894373e-07
907.960043 2.221038 0.0 1.4437541748943731e-07
909.960043 2.242132 0.0 1.4437741748943732e-07
911.960043 2.05649 0.870133 1.4438025234321088e-07
913.960043 1.952335 0.766204 1.4438297150699793e-07
915.960044 1.925905 0.483086 1.4438539890563605e-07
917.960044 1.78515 0.738965 1.443880885368044e-07
919.960044 1.849497 0.023989 1.4439010786435387e-07
921.960044 1.956888 0.779019 1.4439284103415864e-07
923.960044 1.748089 1.296008 1.4439620367624512e-07
925.960044 1.794297 0.540286 1.4439868738297983e-07
927.960044 1.818232 0.515769 1.4440114679679958e-07
929.960044 1.749046 1.36501 1.4440460375975742e-07
931.960044 1.663995 0.41653 1.4440696724502942e-07
933.960044 1.750418 1.992233 1.444114125527229e-07
935.960044 1.725649 1.577819 1.4441517739982763e-07
937.960045 1.756179 1.897451 1.44419456959989e-07
939.960045 1.756078 1.358261 1.444229045819906e-07
941.960045 1.716129 0.611436 1.4442546015556917e-07
943.960045 1.875446 0.690997 1.4442809855728427e-07
945.960045 1.95846 1.320402 1.4443149424649185e-07
947.960045 1.888464 0.734634 1.444341792116195e-07
949.960045 1.820581 3.28344 1.444416388291975e-07
951.960045 1.875522 0.906625 1.4444451546154802e-07
953.960045 1.822062 2.183629 1.4444931529516192e-07
955.960045 1.835564 0.684921 1.4445194727777272e-07
957.960046 1.990939 0.601186 1.444544923712657e-07
959.960046 2.053508 0.599233 1.444570354727989e-07
961.960046 2.121353 0.380745 1.4445936529242596e-07
963.960046 2.346081 0.0 1.4446136529242596e-07
965.960046 2.272421 0.400815 1.444637139339179e-07
967.960046 2.367678 0.0 1.444657139339179e-07
969.960046 2.428011 0.0 1.444677139339179e-07
971.960046 2.503605 0.026235 1.4446973508056772e-07
973.960046 2.54618 0.0 1.4447173508056773e-07
975.960046 2.485623 0.092877 1.4447381095463395e-07
977.960046 2.444127 0.930451 1.4447671519631897e-07
979.960047 2.499888 0.105576 1.4447880166587685e-07
981.960047 2.527223 0.247259 1.44481010081315e-07
983.960047 2.585817 0.007282 1.4448301592866862e-07
985.960047 2.381566 0.072879 1.4448507522625247e-07
987.960047 2.428584 0.904886 1.4448794985377484e-07
989.960047 2.377965 0.104134 1.4449003511747414e-07
991.960047 2.437698 1.634795 1.4449388695139575e-07
993.960047 2.372588 1.46745 1.4449748884406581e-07
995.960047 2.303515 0.116057 1.444995840992377e-07
997.960047 2.064472 1.606039 1.4450339178225102e-07
999.960047 2.075524 1.245008 1.4450668636885464e-07
1001.960048 2.063434 2.964352 1.4451325023155737e-07
1003.960048 1.984842 0.803035 1.4451600984397074e-07
1005.960048 2.021105 0.978603 1.445189706952893e-07
1007.960048 1.836303 0.894325 1.4452183317740277e-07
1009.960048 1.886923 0.968065 1.445247815462001e-07
1011.960048 1.972256 1.125109 1.4452792151305613e-07
1013.960048 2.035572 1.080653 1.445310060127911e-07
1015.960048 2.095084 2.642556 1.4453677541634038e-07
1017.960048 2.097483 2.9266 1.4454324068250857e-07
1019.960048 2.12481 1.544084 1.4454695495423674e-07
1021.960049 2.023493 0.971162 1.4454990698603683e-07
1023.960049 2.166265 1.717829 1.4455388920169753e-07
1025.960049 2.30462 0.177778 1.4455603694954785e-07
1027.960049 2.451438 1.536243 1.445597395637259e-07
1029.960049 2.473096 1.008265 1.445627358348716e-07
1031.960049 2.582717 1.206387 1.445659798027525e-07
1033.960049 2.453745 2.600787 1.4457165339904214e-07
1035.960049 2.294844 0.784814 1.445743929260961e-07
1037.960049 2.371688 0.377231 1.445767194658068e-07
1039.960049 2.299688 0.841606 1.4457952208290274e-07
1041.960049 2.308844 1.481925 1.4458314493863282e-07
1043.96005 2.384702 0.53431 1.4458562270196214e-07
1045.96005 2.426739 1.365588 1.445890804660767e-07
1047.96005 2.398326 0.975543 1.4459203768731475e-07
1049.96005 2.376374 0.426679 1.4459441080875948e-07
1051.96005 2.303941 1.068182 1.4459747992534056e-07
1053.96005 2.342065 0.899736 1.4460034862381256e-07
1055.96005 2.29459 1.807626 1.4460447681230044e-07
1057.96005 2.300679 1.138777 1.4460763403217353e-07
1059.96005 2.429721 2.104212 1.446122834515775e-07
1061.96005 2.496793 1.156613 1.4461546332835337e-07
1063.960051 2.31188 0.226013 1.4461765301308046e-07
1065.960051 2.334101 0.11282 1.4461974555092196e-07
1067.960051 2.312482 0.532997 1.4462222201031958e-07
1069.960051 2.393283 0.691748 1.4462486120652906e-07
1071.960051 2.291525 0.005886 1.446268659315894e-07
1073.960051 2.35503 0.082447 1.446289331435749e-07
1075.960051 2.299202 0.006772 1.4463093858084885e-07
1077.960051 2.233455 0.173816 1.4463308291993085e-07
1079.960051 2.346601 0.047127 1.4463512106632854e-07
1081.960051 2.367812 1.5408 1.4463883045113305e-07
1083.960051 2.580219 0.070293 1.4464088761485104e-07
1085.960052 2.597087 2e-06 1.4464288761645466e-07
1087.960052 2.436422 1.58517 1.4464666357520714e-07
1089.960052 2.389368 2.826335 1.4465287411088925e-07
1091.960052 2.338053 1.557772 1.4465660882118378e-07
1093.960052 2.471695 1.823631 1.4466076358348417e-07
1095.960052 2.563493 0.931837 1.4466366943938367e-07
1097.960052 2.595839 0.509793 1.4466612296792996e-07
1099.960052 2.462058 1.860364 1.4467033936828555e-07
1101.960052 2.536214 0.457989 1.446727424659042e-07
1103.960052 2.540507 0.366969 1.446750594536216e-07
1105.960053 2.472774 2.437895 1.4468037437647362e-07
1107.960053 2.43129 2.770181 1.44686446659024e-07
1109.960053 2.445992 2.07718 1.446910459631295e-07
1111.960053 2.655072 0.0 1.446930459631295e-07
1113.960053 2.755194 0.0 1.446950459631295e-07
1115.960053 2.963997 0.0 1.446970459631295e-07
