1.96 0.719824 0.0 2.0000010000001112e-12
3.96 0.674526 0.0 4.0000020000002224e-12
5.96 0.714742 0.0 6.000003000000333e-12
7.96 0.651794 0.0 8.000004000000445e-12
9.96 0.623251 0.0 1.0000005000000556e-11
11.960001 0.659726 0.698417 1.2646268273314262e-11
13.960001 0.697346 0.11791 1.474308159989938e-11
15.960001 0.710681 0.038086 1.6773854903146572e-11
17.960001 0.66686 0.957937 1.9710277898477843e-11
19.960001 0.631427 1.395395 2.3209611433158545e-11
21.960001 0.699664 0.019335 2.522517579080131e-11
23.960001 0.722111 0.170328 2.736651946671271e-11
25.960001 0.70509 0.343886 2.966216547217262e-11
27.960001 0.71238 0.253838 3.187641456274206e-11
29.960001 0.745475 0.105582 3.396289018273946e-11
31.960002 0.677334 1.717371 3.7944376703552285e-11
33.960002 0.721785 1.559113 4.168109725174985e-11
35.960002 0.719169 1.276788 4.501792990878122e-11
37.960002 0.702543 1.641537 4.888019104705148e-11
39.960002 0.729223 1.099084 5.198756852845645e-11
41.960002 0.711344 2.894813 5.837096950172926e-11
43.960002 0.747352 1.911231 6.267423971712187e-11
45.960002 0.679642 2.91852 6.911859982455862e-11
47.960002 0.684731 2.52848 7.463009110774864e-11
49.960002 0.763468 1.364631 7.808653056864516e-11
51.960002 0.659018 3.052001 8.48851456781323e-11
53.960003 0.714785 3.38409 9.265192850480138e-11
55.960003 0.646571 2.854781 9.89336990769767e-11
57.960003 0.712492 3.136685 1.0596709333445079e-10
59.960003 0.636859 2.680159 1.1182413442770191e-10
61.960003 0.665312 4.198532 1.2258991074955405e-10
63.960003 0.707156 4.226874 1.3347871114889075e-10
65.960003 0.76032 0.473486 1.3589678658396034e-10
67.960003 0.785196 0.548161 1.3838834838937687e-10
69.960003 0.698659 3.59121 1.4682758679394e-10
71.960003 0.682223 5.570434 1.6548751906711465e-10
73.960004 0.788031 0.422294 1.678564734587087e-10
75.960004 0.774874 0.567295 1.7036722145770203e-10
77.960004 0.789759 0.322768 1.7264351371234025e-10
79.960004 0.78403 0.595658 1.751829742367675e-10
81.960004 0.693916 5.29461 1.918894856901144e-10
83.960004 0.727397 4.765281 2.0540159654468993e-10
85.960004 0.701798 3.65225 2.1404990273052046e-10
87.960004 0.72126 4.509999 2.2624753453147006e-10
89.960004 0.754702 3.087304 2.331430563007669e-10
91.960004 0.717244 4.801444 2.4685249312908313e-10
93.960004 0.787129 3.45979 2.5485860116243113e-10
95.960005 0.800784 1.631882 2.5870594128972066e-10
97.960005 0.758981 4.849671 2.72683023448381e-10
99.960005 0.733951 6.068166 2.95463941245212e-10
101.960005 0.646004 3.682475 3.0421768026614367e-10
103.960005 0.651949 3.910594 3.138097398586857e-10
105.960005 0.652871 4.297837 3.2501277123853446e-10
107.960005 0.753252 7.24724 3.615606557215379e-10
109.960005 0.828389 2.192547 3.6637768328627063e-10
111.960005 0.749188 6.834557 3.9735252873078066e-10
113.960005 0.694131 1.356762 4.0079808119153473e-10
115.960006 0.635864 3.137687 4.078343013992436e-10
117.960006 0.617706 3.33803 4.154589803063605e-10
119.960006 0.554248 1.351567 4.188973641260868e-10
121.960006 0.561522 3.007485 4.255757219052846e-10
123.960006 0.625038 4.613226 4.382887377199579e-10
125.960006 0.635086 4.241792 4.492428563754387e-10
127.960006 0.682191 3.553334 4.5755491478782736e-10
129.960006 0.654885 3.327885 4.651486455003484e-10
131.960006 0.574289 3.9675 4.749620542893145e-10
133.960006 0.616682 4.693258 4.880895874869908e-10
135.960006 0.661888 5.656832 5.074071799036728e-10
137.960007 0.588312 3.67196 5.161240948033868e-10
139.960007 0.674444 5.445208 5.338703492350426e-10
141.960007 0.66377 6.942509 5.662151809049239e-10
143.960007 0.682846 7.030756 5.997248210498917e-10
145.960007 0.638925 5.788141 6.200865889046341e-10
147.960007 0.67435 4.898731 6.343413012109007e-10
149.960007 0.536222 2.745594 6.403540255707284e-10
151.960007 0.67188 6.946456 6.727500796814715e-10
153.960007 0.571321 5.596293 6.916044671311404e-10
155.960007 0.607729 6.412251 7.177550017513197e-10
157.960008 0.596684 5.265467 7.342674558899099e-10
159.960008 0.628586 5.560862 7.528559180759403e-10
161.960008 0.722826 5.083893 7.682090647039121e-10
163.960008 0.730308 3.260473 7.756003156682239e-10
165.960008 0.664348 3.230345 7.829028280148101e-10
167.960008 0.728024 3.087376 7.897985488287487e-10
169.960008 0.862901 0.075426 7.91859951291489e-10
171.960008 0.697202 5.970604 8.137670312907247e-10
173.960008 0.769976 2.067511 8.183485435550373e-10
175.960008 0.797556 2.280944 8.233393429877164e-10
177.960008 0.596851 7.046274 8.570581061035887e-10
179.960009 0.624956 6.837897 8.880744556486905e-10
181.960009 0.5541 6.370638 9.137923404120357e-10
183.960009 0.596102 8.072358 9.646697808814048e-10
185.960009 0.544746 3.433018 9.725904180151076e-10
187.960009 0.564611 4.081612 9.828632022845637e-10
189.960009 0.570207 5.748285 1.0029022034564104e-09
191.960009 0.586797 8.971611 1.0758640917241305e-09
193.960009 0.61319 9.222882 1.1565588605097516e-09
195.960009 0.58827 8.955585 1.2290534750290786e-09
197.960009 0.569954 5.439048 1.2467559575148506e-09
199.960009 0.583528 7.695582 1.290500512393909e-09
201.96001 0.603782 8.232707 1.3447560352028076e-09
203.96001 0.583157 7.189572 1.380468641671247e-09
205.96001 0.633869 6.56854 1.4083101253280806e-09
207.96001 0.644607 9.087089 1.484729271296215e-09
209.96001 0.662525 8.810864 1.5531374567137377e-09
211.96001 0.633756 10.280387 1.6764393589528345e-09
213.96001 0.647343 10.075564 1.790020863743015e-09
215.96001 0.605124 10.120029 1.905645268985247e-09
217.96001 0.702445 8.2926 1.9612193189927333e-09
219.96001 0.690757 8.836175 2.030325202133246e-09
221.960011 0.626735 10.545043 2.167429030990558e-09
223.960011 0.60102 8.990677 2.2409507556345087e-09
225.960011 0.632628 10.471148 2.3740524460774016e-09
227.960011 0.714036 7.196104 2.409858696790479e-09
229.960011 0.607154 10.211115 2.529783408938836e-09
231.960011 0.734759 5.15433 2.5455762887471014e-09
233.960011 0.715651 5.709259 2.56530420304699e-09
235.960011 0.656865 11.157736 2.7405819717571375e-09
237.960011 0.687519 10.364112 2.8680928716155254e-09
239.960011 0.718783 8.715576 2.9339370342099834e-09
241.960011 0.808286 4.439262 2.9457936119546404e-09
243.960012 0.739834 6.61525 2.9741613788857583e-09
245.960012 0.851462 2.566157 2.9797567532109483e-09
247.960012 0.769494 6.698253 3.0090843836526734e-09
249.960012 0.754648 8.820116 3.0777467798592215e-09
251.960012 0.712163 12.450321 3.372040841566161e-09
253.960012 0.805333 3.558501 3.3803701361790263e-09
255.960012 0.815079 5.89495 3.401622743545941e-09
257.960012 0.944916 1.57297 3.4053802807673106e-09
259.960012 0.887746 1.340816 3.408803876492934e-09
261.960012 0.999858 0.017478 3.4108179408496993e-09
263.960013 1.111697 0.0 3.4128179418496992e-09
265.960013 0.981267 0.096307 3.4148966734824214e-09
267.960013 0.929084 0.811377 3.4176655319050776e-09
269.960013 0.971851 0.280141 3.4199032539740763e-09
271.960013 1.021577 0.477754 3.4223254704589765e-09
273.960013 0.959687 1.776306 3.4264021497312415e-09
275.960013 1.050017 0.131954 3.4285108021491373e-09
277.960013 1.115479 0.0 3.430510803149137e-09
279.960013 1.14596 0.0 3.432510804149137e-09
281.960013 1.318889 0.0 3.434510805149137e-09
283.960013 1.260215 0.0 3.436510806149137e-09
285.960014 1.239955 0.012537 3.438520884823242e-09
287.960014 1.275746 0.0 3.440520885823242e-09
289.960014 1.169564 0.61437 3.4430794684782015e-09
291.960014 1.161363 1.691201 3.447019400571811e-09
293.960014 1.166182 2.010462 3.451497316478092e-09
295.960014 1.162336 2.082561 3.4561065556093327e-09
297.960014 1.141771 0.656751 3.4587089822461965e-09
299.960014 1.126467 0.690793 3.461347169506994e-09
301.960014 1.242506 0.101819 3.4634304998088882e-09
303.960014 1.208321 0.565002 3.4659389407835853e-09
305.960015 1.299407 0.008929 3.467946114029694e-09
307.960015 1.207234 1.092608 3.4710454343547015e-09
309.960015 1.305314 0.007481 3.4730514427455563e-09
311.960015 1.279332 1.316728 3.476442135698865e-09
313.960015 1.203782 0.522138 3.4789078385993684e-09
315.960015 1.231951 1.134599 3.4820597761533385e-09
317.960015 1.239561 0.681837 3.484688507906369e-09
319.960015 1.043975 0.141817 3.4868055147680386e-09
321.960015 1.016658 1.519317 3.4904830907625456e-09
323.960015 0.911721 2.197852 3.495310374162308e-09
325.960015 0.952086 1.399255 3.4988151271233005e-09
327.960016 0.93235 2.046093 3.5033574679845036e-09
329.960016 0.876711 2.813986 3.5095373355519545e-09
331.960016 0.943648 1.820519 3.51368691957271e-09
333.960016 0.895966 3.078449 3.5205580053688864e-09
335.960016 0.873017 3.950891 3.5303062868904637e-09
337.960016 0.888984 3.910032 3.5398961855373175e-09
339.960016 0.955252 2.121152 3.544577290718747e-09
341.960016 0.903735 3.945061 3.554302814257143e-09
343.960016 0.940584 3.049037 3.561093355431823e-09
345.960016 1.050687 1.429564 3.5646409548448036e-09
347.960017 0.988257 2.235871 3.569542379863646e-09
349.960017 0.967141 1.718834 3.573526202323674e-09
351.960017 0.983824 3.130564 3.580542358093046e-09
353.960017 0.96187 2.826896 3.5867542938455736e-09
355.960017 0.917107 3.284155 3.594216053753867e-09
357.960017 0.99183 2.930984 3.600692696375577e-09
359.960017 0.873376 3.003854 3.607361339565112e-09
361.960017 0.85955 4.571092 3.619861412553096e-09
363.960017 0.858114 4.686985 3.632955972860512e-09
365.960017 0.836453 4.771869 3.6465038188177404e-09
367.960017 0.771413 6.564096 3.674295743284754e-09
369.960018 0.754428 8.798729 3.742371929953477e-09
371.960018 0.814019 5.122742 3.757966071710072e-09
373.960018 0.714407 12.180311 4.022066737607792e-09
375.960018 0.61228 11.655552 4.236061239481044e-09
377.960018 0.550627 7.2219 4.272239713397184e-09
379.960018 0.632019 11.991793 4.517115720498585e-09
381.960018 0.808562 3.792603 4.526264606366247e-09
383.960018 0.871308 4.926056 4.540676334776715e-09
385.960018 0.787553 4.703824 4.553859594052957e-09
387.960018 0.843818 4.661879 4.5668230161533735e-09
389.960019 0.752353 6.641821 4.595494586646462e-09
391.960019 0.805328 4.014394 4.605494234406509e-09
393.960019 0.717784 9.27117 4.687766395562674e-09
395.960019 0.767606 6.602115 4.7159851725897476e-09
397.960019 0.815003 4.621389 4.7287398613125406e-09
399.960019 0.749688 8.674626 4.7935118735127236e-09
401.960019 0.797655 5.232165 4.809805334456856e-09
403.960019 0.842442 4.883067 4.82397081020904e-09
405.960019 0.803587 6.210892 4.848093267028773e-09
407.960019 0.730552 11.044129 5.015566916756073e-09
409.960019 0.79519 6.245471 5.0400261117464825e-09
411.96002 0.85861 4.239344 5.0509694850572794e-09
413.96002 0.722519 12.422709 5.34202371557275e-09
415.96002 0.84297 5.081821 5.357364113927182e-09
417.96002 0.707227 13.568894 5.8181918079019426e-09
419.96002 0.755181 9.642143 5.913656722048955e-09
421.96002 0.840118 3.409012 5.92150149508081e-09
423.96002 0.829431 6.087283 5.944457680164099e-09
425.96002 0.849394 3.400942 5.952277113805867e-09
427.96002 0.808561 5.09307 5.967686850718695e-09
429.96002 0.844832 3.046474 5.9744704180132166e-09
431.960021 0.870662 5.822376 5.995113579444071e-09
433.960021 0.880378 5.487415 6.0131626753391324e-09
435.960021 0.86974 5.110555 6.0286808120610566e-09
437.960021 0.928255 3.677692 6.037417781499678e-09
439.960021 0.947022 3.853501 6.04679278173399e-09
441.960021 0.802832 6.604541 6.075039017765803e-09
443.960021 0.856506 5.18545 6.091030167804657e-09
445.960021 0.76957 7.851813 6.137602255451757e-09
447.960021 0.853409 5.442792 6.1553313292996655e-09
449.960021 0.774234 6.924772 6.1874469758292205e-09
451.960021 0.792683 6.945879 6.219835536826809e-09
453.960022 0.725948 8.387453 6.277563615135955e-09
455.960022 0.783644 7.637329 6.32029839299154e-09
457.960022 0.896218 4.125181 6.330752189865848e-09
459.960022 0.823726 4.220585 6.341613570808581e-09
461.960022 0.997521 2.029868 6.346126460855958e-09
463.960022 1.076904 1.322312 6.349524752953323e-09
465.960022 1.083871 0.823392 6.35230698088676e-09
467.960022 1.240512 0.27477 6.354539889706021e-09
469.960022 1.286253 0.420747 6.356907375316984e-09
471.960022 1.310157 1.06246 6.3599694609606516e-09
473.960023 1.209043 0.537084 6.3624499826293904e-09
475.960023 1.190698 0.310788 6.364715368346018e-09
477.960023 1.351348 0.098187 6.366795667323522e-09
479.960023 1.245855 1.724103 6.370787914039355e-09
481.960023 1.154218 0.481545 6.373213814709032e-09
483.960023 1.123317 1.539697 6.376921561434917e-09
485.960023 1.22238 1.275813 6.380257090028391e-09
487.960023 1.382864 0.18946 6.382414921323967e-09
489.960023 1.409808 0.062972 6.384466057048226e-09
491.960023 1.372097 1.180942 6.3876771027058065e-09
493.960023 1.425175 0.546756 6.39016726147051e-09
495.960024 1.253179 1.116992 6.393297028515306e-09
497.960024 1.373825 1.015349 6.3963018227627e-09
499.960024 1.329065 2.080678 6.400907583648404e-09
501.960024 1.435691 0.588623 6.4034398920022305e-09
503.960024 1.400964 1.62127 6.40727089864276e-09
505.960024 1.315116 4.039225 6.417370589467283e-09
507.960024 1.283045 3.887925 6.426875869619583e-09
509.960024 1.36714 1.115469 6.43000372626605e-09
511.960024 1.476856 0.004778 6.432007562015297e-09
513.960024 1.415165 0.58012 6.434531252630217e-09
515.960025 1.430098 0.132336 6.436640228006234e-09
517.960025 1.444919 0.090237 6.438713907173121e-09
519.960025 1.439136 0.56029 6.441217613980347e-09
521.960025 1.23643 2.297167 6.446240979003215e-09
523.960025 1.191551 1.264913 6.449561963485263e-09
525.960025 1.153168 2.424976 6.454849432412165e-09
527.960025 1.307059 3.428657 6.462756233525246e-09
529.960025 1.460699 0.549599 6.465249232143951e-09
531.960025 1.457113 1.734068 6.469257459974541e-09
533.960025 1.375717 2.681233 6.475117023506641e-09
535.960025 1.344463 3.41633 6.482984845672479e-09
537.960026 1.593263 0.0 6.484984846672479e-09
539.960026 1.461396 1.164786 6.48817516138028e-09
541.960026 1.56685 0.111408 6.490266516054836e-09
543.960026 1.512537 2.185681 6.49507030234066e-09
545.960026 1.507482 2.420209 6.50034767588822e-09
547.960026 1.420459 2.385813 6.505552775878671e-09
549.960026 1.551221 1.682811 6.509479477812337e-09
551.960026 1.636146 0.020589 6.5114960557265e-09
553.960026 1.532126 3.424477 6.5193896177583895e-09
555.960026 1.400965 3.121302 6.526379769385811e-09
557.960027 1.430504 3.184946 6.533550572288352e-09
559.960027 1.368423 3.126336 6.540554845477018e-09
561.960027 1.331444 4.49839 6.552695839698876e-09
563.960027 1.262602 1.908751 6.556994833507484e-09
565.960027 1.368615 3.540729 6.565264993354788e-09
567.960027 1.406932 3.136558 6.5722980295139944e-09
569.960027 1.46056 3.584596 6.580714920036157e-09
571.960027 1.333804 3.973368 6.590551442315475e-09
573.960027 1.209059 2.222285 6.595426243147039e-09
575.960027 1.291933 2.585331 6.601064794897684e-09
577.960027 1.24108 1.560804 6.604804049559252e-09
579.960028 1.187978 2.046861 6.609347789210054e-09
581.960028 1.17673 3.137712 6.616384079940019e-09
583.960028 1.238842 2.340466 6.621495406353855e-09
585.960028 1.258485 2.956024 6.628037393704e-09
587.960028 1.287414 3.595093 6.636489779915589e-09
589.960028 1.283088 4.003362 6.646445298735233e-09
591.960028 1.343127 4.439058 6.6583009068268704e-09
593.960028 1.389864 3.481724 6.666377727127783e-09
595.960028 1.412458 4.1588 6.676973375349393e-09
597.960028 1.300136 5.266098 6.6934900072193385e-09
599.960028 1.237125 3.25353 6.7008607132181396e-09
601.960029 1.298628 5.527847 6.719204760113803e-09
603.960029 1.266321 5.843651 6.740024746600434e-09
605.960029 1.405566 4.086539 6.750317842478455e-09
607.960029 1.366854 4.053673 6.760476203668979e-09
609.960029 1.319489 4.259382 6.771507843453365e-09
611.960029 1.325704 4.908234 6.78581696733932e-09
613.960029 1.482746 1.255958 6.789126050431686e-09
615.960029 1.502704 0.559557 6.7916290215940145e-09
617.960029 1.525284 0.14072 6.793745097609358e-09
619.960029 1.543968 0.004604 6.7957487935799645e-09
621.96003 1.605064 0.197015 6.797913170550312e-09
623.96003 1.56635 0.988134 6.800885358567206e-09
625.96003 1.462186 0.852686 6.803700454153533e-09
627.96003 1.504552 0.579125 6.8062231382606e-09
629.96003 1.515762 0.768601 6.808944917716128e-09
631.96003 1.503805 2.046859 6.81348865372369e-09
633.96003 1.525569 1.814014 6.817627430119139e-09
635.96003 1.584064 2.567602 6.823226046850277e-09
637.96003 1.719306 0.0 6.825226047850277e-09
639.96003 1.775932 0.0 6.827226048850277e-09
641.96003 1.632324 1.330706 6.830635796214643e-09
643.960031 1.636438 1.111573 6.833758771159217e-09
645.960031 1.634651 0.467454 6.836171006084523e-09
647.960031 1.564724 2.415043 6.841437461026544e-09
649.960031 1.659521 0.073511 6.843497281478427e-09
651.960031 1.735154 1.528241 6.847188038308123e-09
653.960031 1.753869 1.346893 6.850619985167728e-09
655.960031 1.722021 1.18464 6.853835794915263e-09
657.960031 1.627242 1.298731 6.857202111592078e-09
659.960031 1.691057 1.09417 6.8603033733754225e-09
661.960031 1.751591 1.186045 6.8635209950202815e-09
663.960032 1.529768 0.886682 6.866374720941887e-09
665.960032 1.706048 2.150231 6.8711107177904965e-09
667.960032 1.689692 1.894449 6.875385132627645e-09
669.960032 1.664961 1.690194 6.8793234744356155e-09
671.960032 1.742713 1.974199 6.883736760786643e-09
673.960032 1.748212 1.393446 6.887233361116937e-09
675.960032 1.753689 1.666051 6.89113376713478e-09
677.960032 1.705304 1.829903 6.895298991789204e-09
679.960032 1.714532 2.019535 6.899793225492848e-09
681.960032 1.833263 0.016752 6.901806703723115e-09
683.960032 1.815129 0.1392 6.90392149063692e-09
685.960033 1.698379 3.488654 6.912020781900884e-09
687.960033 1.803445 0.134404 6.914131506505947e-09
689.960033 1.626309 1.999689 6.918590124084891e-09
691.960033 1.541334 1.917491 6.922904207709242e-09
693.960033 1.550049 2.233558 6.927801089743705e-09
695.960033 1.653315 2.997825 6.934453633796022e-09
697.960033 1.497263 2.089695 6.939076074575103e-09
699.960033 1.543647 2.031722 6.943592320224805e-09
701.960033 1.556273 3.215822 6.950852438070337e-09
703.960033 1.589145 2.843058 6.957104754575543e-09
705.960034 1.696307 1.840665 6.961287989210548e-09
707.960034 1.64072 2.801473 6.967436932730717e-09
709.960034 1.587461 3.959912 6.977220533618953e-09
711.960034 1.684374 3.100109 6.984151545432324e-09
713.960034 1.77013 0.831742 6.9869431027052115e-09
715.960034 1.815152 0.109477 6.989032838977555e-09
717.960034 1.890743 0.0 6.991032839977555e-09
719.960034 1.842727 0.007665 6.993038996351189e-09
721.960034 1.787753 0.666031 6.995651123154684e-09
723.960034 1.603195 2.680932 7.001509979636742e-09
725.960034 1.573394 2.474955 7.0069044619782466e-09
727.960035 1.583512 4.541636 7.01925778800618e-09
729.960035 1.5375 2.804491 7.025414175881662e-09
731.960035 1.638769 2.399601 7.0306481278656086e-09
733.960035 1.68672 2.717373 7.036593207522465e-09
735.960035 1.818204 0.284639 7.038834968479606e-09
737.960035 1.758968 1.676807 7.042752230008131e-09
739.960035 1.6851 3.047265 7.049537948835974e-09
741.960035 1.591683 1.872551 7.053775002478518e-09
743.960035 1.755316 0.232059 7.05597000229358e-09
745.960035 1.842048 0.520096 7.058433687462835e-09
747.960036 1.739791 0.23368 7.0606301142097104e-09
749.960036 1.815318 0.14104 7.062746461714964e-09
751.960036 1.954814 0.006443 7.064751635494385e-09
753.960036 1.916156 0.15044 7.066875973574239e-09
755.960036 1.90425 0.143925 7.068994770303859e-09
757.960036 1.882669 0.41105 7.071353069936264e-09
759.960036 1.983468 0.0 7.073353070936264e-09
761.960036 1.956153 0.726298 7.076029079311314e-09
763.960036 2.014259 1.415096 7.079556161020822e-09
765.960036 2.170981 0.0 7.081556162020822e-09
767.960036 2.194374 0.0 7.083556163020822e-09
769.960037 2.277347 0.0 7.085556164020822e-09
771.960037 2.424604 0.0 7.087556165020822e-09
773.960037 2.445863 0.0 7.089556166020822e-09
775.960037 2.391504 0.0 7.091556167020822e-09
777.960037 2.376547 0.0 7.093556168020822e-09
779.960037 2.287042 1.201072 7.0967932325504174e-09
781.960037 2.155852 0.0 7.098793233550417e-09
783.960037 2.213664 0.133387 7.100903097739267e-09
785.960037 2.174956 0.0 7.102903098739267e-09
787.960037 2.013912 1.014395 7.1059067439744145e-09
789.960038 1.954982 0.181396 7.108057610436017e-09
791.960038 2.138459 0.0 7.110057611436017e-09
793.960038 1.963869 1.468031 7.113660344984934e-09
795.960038 2.121873 0.012904 7.115670719430089e-09
797.960038 1.982354 1.314902 7.119058931108541e-09
799.960038 2.06821 1.031525 7.1220832750267706e-09
801.960038 1.919673 0.786692 7.124824866831795e-09
803.960038 1.95157 1.559635 7.1285623694599566e-09
805.960038 1.974221 1.049082 7.1316080760425505e-09
807.960038 1.808543 1.263005 7.134926521167858e-09
809.960038 1.668631 3.912311 7.14452518581238e-09
811.960039 1.665685 2.76149 7.150576350609488e-09
813.960039 1.648894 1.753908 7.154616587063434e-09
815.960039 1.833386 1.551725 7.158342256166083e-09
817.960039 1.744663 0.904698 7.1612166684711755e-09
819.960039 1.70632 0.737104 7.163904295025971e-09
821.960039 1.710379 1.319499 7.167298756846494e-09
823.960039 1.648555 0.870182 7.170133667727316e-09
825.960039 1.575875 1.028757 7.173154657353243e-09
827.960039 1.636604 0.988529 7.1761273160789775e-09
829.960039 1.668778 1.932624 7.180467652541949e-09
831.96004 1.929936 0.742285 7.183160867377586e-09
833.96004 2.068056 0.372033 7.185482564976714e-09
835.96004 2.213518 0.459996 7.187887598161486e-09
837.96004 2.058929 0.688156 7.190522997820109e-09
839.96004 2.160512 0.0 7.192522998820109e-09
841.96004 2.250059 1.014117 7.1955263093104694e-09
843.96004 2.230654 0.645035 7.19811654091653e-09
845.96004 2.037687 2.683077 7.203980437873963e-09
847.96004 2.201881 0.803888 7.206740995545866e-09
849.96004 2.050153 1.148218 7.209910189633887e-09
851.96004 2.093648 1.13499 7.213062621308495e-09
853.960041 1.967715 1.80939 7.2171937323555865e-09
855.960041 2.052804 3.15427 7.22427688699527e-09
857.960041 1.98083 1.7026 7.228234865581678e-09
859.960041 1.80227 1.259482 7.231548627048573e-09
861.960041 1.837409 2.169231 7.236320836914548e-09
863.960041 1.830686 2.171625 7.24109762921962e-09
865.960041 1.873457 1.041099 7.2441336037596275e-09
867.960041 1.842974 2.235186 7.249033682924638e-09
869.960041 1.767834 2.14011 7.253750501980284e-09
871.960041 1.676738 5.392435 7.271125240883252e-09
873.960042 1.645351 2.470658 7.2765104381437745e-09
875.960042 1.657233 4.859034 7.290540084676179e-09
877.960042 1.551596 2.821321 7.296738151875004e-09
879.960042 1.506351 1.300007 7.3001061910601206e-09
881.960042 1.650485 4.636806 7.312939958053581e-09
883.960042 1.591751 3.085731 7.319831132683977e-09
885.960042 1.442138 4.272711 7.330921880040312e-09
887.960042 1.435131 3.82001 7.340171845255919e-09
889.960042 1.565398 2.949698 7.3466972622103445e-09
891.960042 1.470956 4.53752 7.359030220369485e-09
893.960042 1.491341 5.187105 7.375031984097744e-09
895.960043 1.317897 3.448434 7.383001725490109e-09
897.960043 1.38618 2.663611 7.388820038271314e-09
899.960043 1.568498 2.152484 7.393560314820064e-09
901.960043 1.631091 1.200497 7.396796633220973e-09
903.960043 1.638807 2.095931 7.401430644844349e-09
905.960043 1.546887 5.032595 7.4164712668232974e-09
907.960043 1.526125 4.184499 7.4271766455863365e-09
909.960043 1.576502 1.771154 7.431244913259682e-09
911.960043 1.457852 3.391033 7.439033345068868e-09
913.960043 1.512853 2.070637 7.4436206026579755e-09
915.960044 1.498571 1.65347 7.4475013852521206e-09
917.960044 1.373084 1.570962 7.45125589878675e-09
919.960044 1.381921 1.276316 7.454592100079616e-09
921.960044 1.354761 1.12615 7.457733379229573e-09
923.960044 1.400026 2.398022 7.462964018994838e-09
925.960044 1.422255 3.336513 7.470584062155497e-09
927.960044 1.352019 2.726599 7.476551172048241e-09
929.960044 1.467501 4.843381 7.490493052454126e-09
931.960044 1.399908 3.857386 7.499882665882762e-09
933.960044 1.536898 2.974981 7.506474561819305e-09
935.960044 1.534564 4.191824 7.517211424741606e-09
937.960045 1.385283 4.614732 7.529932118576731e-09
939.960045 1.422708 6.080877 7.552829422862634e-09
941.960045 1.386868 4.066413 7.563039801285008e-09
943.960045 1.415431 4.231079 7.573946973697665e-09
945.960045 1.328161 1.733966 7.577955037624734e-09
947.960045 1.532221 2.134404 7.58266107890994e-09
949.960045 1.550197 3.594041 7.591109901036262e-09
951.960045 1.530958 5.156451 7.606916215645906e-09
953.960045 1.680393 1.759598 7.610965679069346e-09
955.960045 1.652019 2.549415 7.616523623000518e-09
957.960046 1.692879 2.781774 7.622624196587406e-09
959.960046 1.818014 2.540839 7.628163064086638e-09
961.960046 2.045829 3.019189 7.634872831862459e-09
963.960046 2.048951 1.524642 7.638558267259208e-09
965.960046 2.130765 0.599759 7.64110190640378e-09
967.960046 2.088897 0.391597 7.643441885517629e-09
969.960046 2.122058 0.72107 7.646112290996305e-09
971.960046 2.324311 0.925778 7.649011098294304e-09
973.960046 2.233173 0.558755 7.651513264810387e-09
975.960046 2.255164 1.084551 7.654602590126182e-09
977.960046 2.204996 0.486678 7.657033488100283e-09
979.960047 2.110194 1.567341 7.660782555209005e-09
981.960047 2.202954 1.530901 7.664477250016387e-09
983.960047 2.205067 1.031978 7.667502143239434e-09
985.960047 2.246246 0.722964 7.670174577179155e-09
987.960047 2.264667 0.572135 7.672690201748555e-09
989.960047 2.257863 0.279382 7.674927243006749e-09
991.960047 2.262046 1.464249 7.678524518109185e-09
993.960047 2.247576 1.84594 7.682716608764067e-09
995.960047 2.063588 2.029628 7.68722906461157e-09
997.960047 2.007446 1.048383 7.690273917801355e-09
999.960047 1.829887 2.387099 7.695481702064272e-09
1001.960048 1.728099 2.711739 7.70141336863443e-09
1003.960048 1.722077 2.991141 7.70804810993892e-09
1005.960048 1.656112 1.49724 7.711693279906585e-09
1007.960048 1.725122 2.733185 7.717676166051235e-09
1009.960048 1.649237 1.636716 7.721530969509774e-09
1011.960048 1.564891 4.303018 7.732757294931541e-09
1013.960048 1.736793 1.890504 7.737024954776085e-09
1015.960048 1.777791 2.371646 7.742200575354046e-09
1017.960048 2.042054 0.809258 7.744967082564428e-09
1019.960048 2.173989 2.315795 7.75002810307252e-09
1021.960049 2.33875 2.378076 7.755217082771588e-09
1023.960049 2.475839 0.0 7.75721708377159e-09
1025.960049 2.365451 0.601097 7.75976208772772e-09
1027.960049 2.359914 0.370701 7.762082545849723e-09
1029.960049 2.199456 1.624706 7.765918833412962e-09
1031.960049 2.299257 1.032754 7.768944667840347e-09
1033.960049 2.298476 1.184518 7.772160320304025e-09
1035.960049 2.313252 1.148662 7.775330078568625e-09
1037.960049 2.329314 0.977607 7.778289749322507e-09
1039.960049 2.273102 2.037957 7.782817298174861e-09
1041.960049 2.306347 2.64815 7.788599658053414e-09
1043.96005 2.316054 2.253691 7.793536225108126e-09
1045.96005 2.457327 0.0 7.795536226108126e-09
1047.96005 2.578564 0.0 7.797536227108127e-09
1049.96005 2.577095 0.0 7.799536228108128e-09
1051.96005 2.63195 0.394612 7.801879037352013e-09
1053.96005 2.556883 0.815204 7.804652147224032e-09
1055.96005 2.526345 0.092281 7.806727526375583e-09
1057.96005 2.560452 1.003655 7.80971826646647e-09
1059.96005 2.743239 0.0 7.81171826746647e-09
1061.96005 2.783621 0.640332 7.814303619870407e-09
1063.960051 2.951575 0.0 7.816303620870408e-09
